F-聯德          ,	4912
日期,成交股數,開盤價,最高價,最低價,收盤價,漲跌價差,成交筆數,成交金額
104/05/21,811100,85.70,86.00,84.50,84.60,X,540,69185730
104/05/22,1434092,85.50,88.40,84.90,85.80,1.20,982,124219458
104/05/25,372170,85.60,85.80,84.80,85.50,-0.30,271,31785590
104/05/26,588500,85.80,87.40,85.30,85.30,-0.20,402,50902300
104/05/27,663073,85.00,85.80,83.50,85.20,-0.10,477,56045705
104/05/28,592050,87.00,87.00,85.10,85.20,,428,50920665
104/05/29,356153,85.20,85.70,84.40,84.70,-0.50,258,30264828
104/06/01,335000,85.00,86.10,84.70,85.50,0.80,256,28562400
104/06/02,1653350,85.50,89.80,85.30,89.80,4.30,1135,146764370
104/06/03,1286286,90.90,90.90,87.10,87.20,-2.60,870,115019036
104/06/04,693294,87.20,88.70,83.10,84.50,-2.70,481,59950896
104/06/05,361200,84.50,85.50,83.20,84.40,-0.10,248,30477400
104/06/08,265075,84.80,85.00,83.10,84.00,-0.40,205,22183937
104/06/09,1217644,84.40,84.40,77.00,77.50,-6.50,795,96629273
104/06/10,1290691,76.70,84.20,76.70,83.00,5.50,812,103820053
104/06/11,794200,83.50,85.90,83.40,84.90,1.90,485,67228400
104/06/12,266200,84.50,85.60,83.60,84.20,-0.70,166,22516339
104/06/15,184754,84.50,85.20,84.00,84.50,0.30,133,15630557
104/06/16,157455,85.40,85.40,84.00,84.30,-0.20,123,13313910
104/06/17,207366,84.00,85.00,83.80,83.80,-0.50,145,17500069
104/06/18,98010,83.60,84.80,83.50,83.90,0.10,79,8243539
104/06/22,212075,83.90,84.50,83.50,83.80,-0.10,131,17817662
104/06/23,207636,83.80,84.60,83.10,83.30,-0.50,129,17427733
104/06/24,282709,83.80,83.80,81.10,81.10,-2.20,213,23278743
104/06/25,221230,81.20,83.60,81.10,82.80,1.70,147,18301828
104/06/26,155000,82.80,82.80,81.80,81.80,-1.00,106,12758500
104/06/29,87000,80.90,82.20,80.90,81.80,,71,7100900
104/06/30,326325,82.20,82.20,80.10,80.30,-1.50,237,26420992
104/07/01,93326,81.70,81.70,81.00,81.20,0.90,75,7600336
104/07/02,264000,82.10,84.80,80.90,84.80,3.60,180,21866700
104/07/03,274408,84.80,85.30,83.10,85.20,0.40,188,23225342
104/07/06,214194,84.80,84.80,82.80,82.80,-2.40,148,17858296
104/07/07,265640,82.20,83.40,80.70,83.00,0.20,213,21719320
104/07/08,411300,82.20,82.20,78.60,80.50,-2.50,276,32949950
104/07/09,373000,79.00,80.00,77.90,80.00,-0.50,239,29418100
104/07/13,427000,78.00,80.90,77.30,80.90,0.90,218,33549200
104/07/14,182581,81.50,81.50,80.30,80.80,-0.10,90,14733195
104/07/15,178257,80.80,81.40,79.50,79.50,-1.30,110,14281877
104/07/16,86401,81.00,81.00,79.50,80.70,1.20,57,6916200
104/07/17,92000,80.10,81.00,79.50,80.80,0.10,56,7374300
104/07/20,150001,80.20,80.80,79.20,80.80,,78,11995380
104/07/21,103822,79.70,80.60,79.70,80.40,-0.40,67,8318176
104/07/22,310000,79.90,80.00,78.80,78.80,-1.60,170,24609000
104/07/23,157100,79.50,79.50,78.40,78.90,0.10,102,12377390
104/07/24,127000,78.80,79.00,78.50,78.90,,53,9996400
104/07/27,304231,78.70,79.00,74.00,75.70,-3.20,167,23531886
104/07/28,163500,75.70,76.70,75.10,76.50,0.80,116,12409850
104/07/29,224200,76.20,76.20,71.50,74.70,-1.80,139,16634320
104/07/30,267850,74.70,75.80,71.50,73.40,-1.30,164,19622189
104/07/31,436200,73.00,73.00,69.40,71.50,-1.90,280,30815800
104/08/03,237200,71.60,71.60,70.00,71.00,-0.50,114,16756200
104/08/04,541788,70.20,70.40,67.00,68.00,-3.00,322,37092484
104/08/05,1050133,60.50,61.70,57.30,59.40,X,626,61894998
104/08/06,588266,58.60,59.30,55.50,56.80,-2.60,403,33641806
104/08/07,587000,56.30,60.30,54.00,59.80,3.00,404,33865300
104/08/10,225000,60.00,60.70,59.20,59.80,,158,13499800
104/08/11,246015,60.30,61.00,60.00,60.20,0.40,160,14833404
104/08/12,347000,60.40,61.60,59.80,60.70,0.50,263,21062900
104/08/13,310000,61.00,61.20,59.20,59.90,-0.80,170,18642300
104/08/14,195000,60.00,62.30,60.00,62.20,2.30,130,11910300
104/08/17,194002,62.00,62.00,60.00,60.00,-2.20,102,11731621
104/08/18,40001,60.20,61.00,60.00,60.10,0.10,31,2409860
104/08/19,165578,60.30,61.20,59.10,61.00,0.90,108,9960768
104/08/20,114000,61.00,62.00,60.40,61.30,0.30,83,6983600
104/08/21,177100,60.20,61.60,60.20,61.00,-0.30,104,10748850
104/08/24,691000,60.50,61.00,57.40,61.00,,350,40853100
104/08/25,376000,59.20,61.20,59.20,61.20,0.20,172,22691400
104/08/26,99000,60.20,61.00,59.70,60.90,-0.30,60,5964300
104/08/27,200000,61.90,62.00,60.80,60.90,,102,12250900
104/08/28,295000,62.00,65.90,61.20,65.90,5.00,221,18849000
104/08/31,860023,66.20,72.40,66.00,72.40,6.50,515,61038965
104/09/01,458210,72.00,74.10,71.10,72.70,0.30,316,33425340
104/09/02,178161,72.00,74.00,71.40,73.10,0.40,121,13039387
104/09/03,261953,75.00,76.80,73.20,73.50,0.40,165,19637863
104/09/04,147006,74.60,74.60,70.60,71.60,-1.90,107,10646030
104/09/07,280015,78.60,78.60,71.60,73.50,1.90,212,20718695
104/09/08,48034,73.60,73.60,72.50,73.20,-0.30,42,3514282
104/09/09,226000,73.60,75.60,73.50,75.60,2.40,145,16894000
104/09/10,152100,74.90,75.60,73.60,75.60,,112,11373060
104/09/11,584091,75.50,80.80,74.90,80.40,4.80,370,46218080
104/09/14,726418,81.20,86.50,81.20,86.40,6.00,484,61432014
104/09/15,612334,87.50,89.70,87.30,87.60,1.20,427,53809356
104/09/16,473030,87.50,87.50,83.60,84.50,-3.10,304,40139420
104/09/17,202385,85.80,86.30,84.90,86.00,1.50,149,17300617
104/09/18,117100,86.30,86.30,85.00,86.00,,85,10039870
104/09/21,110000,86.00,86.00,84.50,85.90,-0.10,79,9345600
104/09/22,160100,85.90,85.90,84.60,84.80,-1.10,103,13623800
104/09/23,284000,82.20,88.90,82.20,84.40,-0.40,192,24346400
104/09/24,221100,85.80,86.20,84.20,85.50,1.10,179,18875200
104/09/25,197000,85.00,87.00,84.50,87.00,1.50,134,16861500
104/09/30,219185,87.00,87.00,84.00,85.00,-2.00,133,18636725
104/10/01,275050,84.90,84.90,82.00,83.00,-2.00,194,22866650
104/10/02,126201,84.90,84.90,82.80,84.00,1.00,86,10587543
104/10/05,130000,84.30,85.00,83.00,84.00,,99,10926000
104/10/06,375000,84.80,87.00,83.90,84.80,0.80,213,32040600
104/10/07,91100,84.00,86.00,83.80,83.90,-0.90,72,7691170
104/10/08,133004,83.90,85.00,83.50,83.60,-0.30,86,11168234
104/10/12,156096,83.60,84.20,82.00,82.40,-1.20,103,12923987
104/10/13,208100,82.40,83.30,81.00,81.90,-0.50,120,17041140
104/10/14,110012,81.00,81.80,80.80,80.90,-1.00,74,8928664
104/10/15,164050,80.90,81.50,79.50,80.20,-0.70,113,13227085
104/10/16,232200,80.20,82.00,79.80,81.10,0.90,128,18795900
104/10/19,119200,81.10,81.20,79.90,80.90,-0.20,65,9607579
104/10/20,218200,80.00,81.70,80.00,80.90,,109,17703639
104/10/21,85000,81.20,82.50,81.20,82.30,1.40,60,6955400
104/10/22,134100,82.50,83.40,82.30,83.00,0.70,67,11094200
104/10/23,159000,83.30,85.00,83.00,83.80,0.80,111,13313700
104/10/26,55100,83.50,84.30,83.50,84.00,0.20,37,4616850
104/10/27,53000,84.00,84.00,82.70,82.80,-1.20,34,4403900
104/10/28,135000,81.20,82.00,80.70,81.80,-1.00,92,10968700
104/10/29,69046,81.00,82.40,81.00,81.30,-0.50,52,5607139
104/10/30,77074,81.30,81.80,80.00,81.80,0.50,55,6220431
104/11/02,43000,81.20,81.90,80.70,81.90,0.10,26,3488300
104/11/03,64000,81.70,81.90,81.00,81.90,,55,5210000
104/11/04,136000,81.90,84.40,81.70,83.50,1.60,113,11302400
104/11/05,234134,83.50,85.50,82.60,85.00,1.50,150,19806363
104/11/06,214006,85.00,85.30,84.00,84.20,-0.80,144,18109910
104/11/09,185000,85.00,85.50,84.40,84.60,0.40,123,15705100
104/11/10,97001,84.50,84.70,82.50,84.50,-0.10,76,8161985
104/11/11,145100,83.30,83.50,81.80,82.80,-1.70,111,11976960
104/11/12,118300,81.70,83.40,81.70,82.80,,60,9813429
104/11/13,61000,81.90,82.70,81.20,81.50,-1.30,35,5000100
104/11/16,142000,81.00,81.00,79.10,80.00,-1.50,89,11344900
104/11/17,107000,81.00,81.50,80.00,80.50,0.50,65,8630000
104/11/18,33000,80.50,81.00,79.70,81.00,0.50,32,2647200
104/11/19,87022,80.20,81.50,80.20,81.20,0.20,59,7032604
104/11/20,91021,80.30,80.90,79.90,80.50,-0.70,76,7322007
104/11/23,107000,81.00,81.80,80.50,81.50,1.00,68,8679500
104/11/24,73000,80.70,81.00,79.60,80.80,-0.70,52,5882900
104/11/25,42000,80.10,80.80,79.70,80.80,,34,3374500
104/11/26,72000,80.80,81.00,80.50,80.90,0.10,39,5819100
104/11/27,40000,80.10,80.90,79.60,79.60,-1.30,24,3199600
104/11/30,51000,80.80,80.80,79.00,79.50,-0.10,38,4047200
104/12/01,46000,79.00,80.70,79.00,80.40,0.90,35,3673300
104/12/02,57000,80.00,80.80,79.70,80.50,0.10,41,4578400
104/12/03,73000,80.10,80.80,80.10,80.70,0.20,36,5861200
104/12/04,81004,80.80,80.80,79.50,79.60,-1.10,54,6471422
104/12/07,115485,80.00,80.80,79.60,80.60,1.00,61,9268600
104/12/08,40000,80.10,80.60,79.60,80.20,-0.40,22,3208200
104/12/09,69000,80.00,80.30,78.80,80.30,0.10,50,5488700
104/12/10,63000,80.90,81.30,80.20,80.80,0.50,49,5077100
104/12/11,85000,80.80,81.10,78.40,79.70,-1.10,64,6794800
104/12/14,42000,76.90,80.00,76.90,79.90,0.20,30,3332700
104/12/15,50000,78.80,80.00,78.80,80.00,0.10,30,3986700
104/12/16,46000,80.50,80.50,79.80,80.30,0.30,26,3681900
104/12/17,107020,79.80,81.50,79.80,81.40,1.10,67,8636230
104/12/18,540129,80.10,89.00,80.10,88.70,7.30,411,46426681
104/12/21,764618,88.60,93.50,86.20,92.40,3.70,535,69020056
104/12/22,459050,92.90,93.40,90.10,91.60,-0.80,280,42018500
104/12/23,325059,91.60,91.80,89.50,90.90,-0.70,139,29480621
104/12/24,282200,90.20,90.20,87.20,87.20,-3.70,157,25010539
104/12/25,135040,87.20,88.30,86.80,87.90,0.70,87,11856288
104/12/28,107000,88.20,88.40,87.30,87.50,-0.40,57,9400400
104/12/29,107000,87.10,87.50,86.00,86.50,-1.00,63,9280400
104/12/30,151000,86.00,88.00,85.30,87.00,0.50,69,13021500
104/12/31,87050,86.30,86.90,85.90,86.90,-0.10,51,7509145
105/01/04,333161,87.00,89.20,86.00,89.00,2.10,225,29242747
105/01/05,170031,88.10,89.20,87.40,87.40,-1.60,122,15038993
105/01/06,117044,87.40,87.40,85.40,85.60,-1.80,94,10058135
105/01/07,153031,85.00,85.90,80.10,81.50,-4.10,113,12617307
105/01/08,137030,80.30,85.50,80.10,84.50,3.00,102,11429835
105/01/11,88000,84.50,84.50,82.00,83.40,-1.10,56,7276100
105/01/12,100001,83.40,84.30,81.30,81.50,-1.90,53,8234081
105/01/13,49000,82.80,83.00,81.00,82.00,0.50,37,3993200
105/01/14,172000,80.00,83.10,80.00,82.00,,105,14013500
105/01/15,156001,82.50,82.50,80.10,80.10,-1.90,76,12624880
105/01/18,137000,79.70,83.80,79.70,83.50,3.40,109,11295600
105/01/19,151000,83.50,83.80,81.60,83.80,0.30,89,12475500
105/01/20,162000,83.00,83.40,80.90,83.40,-0.40,80,13302400
105/01/21,63001,82.00,82.40,81.00,81.00,-2.40,41,5137281
105/01/22,47000,82.40,82.40,80.80,82.10,1.10,32,3826800
105/01/25,110000,82.50,83.50,82.50,82.70,0.60,58,9109400
105/01/26,77000,82.50,83.30,82.10,83.30,0.60,30,6400900
105/01/27,111000,83.30,83.30,82.50,82.50,-0.80,35,9198400
105/01/28,75000,83.00,83.60,82.60,83.60,1.10,47,6238800
105/01/29,74000,83.60,84.20,83.00,83.30,-0.30,45,6185100
105/01/30,46100,83.50,84.90,83.50,84.00,0.70,37,3876000
105/02/01,165000,84.00,87.00,84.00,86.40,2.40,128,14154000
105/02/02,89006,86.20,86.80,85.60,86.30,-0.10,70,7651322
105/02/03,334262,86.30,89.70,85.50,88.20,1.90,214,29423956
105/02/15,182006,86.10,87.20,85.10,86.80,-1.40,119,15751522
105/02/16,82000,87.20,87.50,86.30,86.80,,61,7127900
105/02/17,116001,87.30,87.40,85.10,85.10,-1.70,93,9986885
105/02/18,156000,86.50,87.00,85.50,86.50,1.40,62,13444200
105/02/19,38000,85.90,86.80,85.70,86.80,0.30,28,3274700
105/02/22,87000,86.90,86.90,86.00,86.80,,46,7521000
105/02/23,128000,87.20,89.00,86.70,87.50,0.70,90,11216200
105/02/24,58000,87.50,88.20,86.40,86.60,-0.90,48,5036900
105/02/25,52000,87.00,87.40,86.00,86.00,-0.60,26,4496800
105/02/26,48000,85.60,86.60,85.60,85.80,-0.20,36,4136500
105/03/01,104000,87.00,89.00,87.00,87.00,1.20,82,9136700
105/03/02,65000,87.10,87.10,86.40,86.70,-0.30,46,5638700
105/03/03,57001,87.10,87.50,86.70,87.40,0.70,43,4959986
105/03/04,114000,87.40,88.30,87.40,87.60,0.20,61,10006200
105/03/07,94100,89.00,89.00,88.00,88.30,0.70,62,8340000
105/03/08,126000,88.30,89.00,86.50,86.70,-1.60,87,10997000
105/03/09,116000,86.10,87.20,86.00,86.10,-0.60,61,10025800
105/03/10,94000,87.00,87.80,86.20,86.90,0.80,60,8196300
105/03/11,119000,86.30,87.60,85.50,86.80,-0.10,64,10340400
105/03/14,131000,87.30,88.60,87.00,88.20,1.40,92,11518800
105/03/15,411055,88.20,93.00,88.20,90.80,2.60,288,37650510
105/03/16,573328,91.00,95.40,90.80,93.30,2.50,397,53729066
105/03/17,321106,93.70,94.20,89.10,91.00,-2.30,188,29452340
105/03/18,61000,91.80,91.80,89.50,91.10,0.10,56,5534200
105/03/21,351000,91.50,93.70,91.50,92.50,1.40,245,32550900
105/03/22,244000,92.00,93.50,91.20,92.60,0.10,152,22576200
105/03/23,447140,93.00,95.30,91.10,91.40,-1.20,289,41762411
105/03/24,118001,91.00,91.30,90.20,90.20,-1.20,84,10692690
105/03/25,155130,90.20,91.20,89.20,91.10,0.90,107,13984230
105/03/28,885138,93.20,96.00,92.70,94.00,2.90,513,83434140
105/03/29,389055,92.60,92.60,89.60,89.60,-4.40,278,35293050
105/03/30,156000,91.00,91.10,89.80,91.10,1.50,98,14086400
105/03/31,176000,91.20,91.20,88.80,88.80,-2.30,123,15761800
105/04/01,184000,88.80,89.80,87.00,87.80,-1.00,104,16211500
105/04/06,107120,87.80,89.00,87.00,88.40,0.60,69,9416280
105/04/07,101100,88.20,88.60,87.50,87.50,-0.90,53,8876849
105/04/08,72000,87.50,87.60,86.90,86.90,-0.60,55,6269400
105/04/11,70000,86.90,89.00,86.90,88.10,1.20,51,6150200
105/04/12,75000,88.10,88.10,87.30,87.30,-0.80,46,6574900
105/04/13,49000,88.00,88.50,87.20,88.50,1.20,30,4299000
105/04/14,83000,88.50,88.60,88.00,88.50,,46,7336900
105/04/15,172050,89.90,89.90,88.00,89.20,0.70,68,15253500
105/04/18,145000,88.90,89.90,88.00,88.00,-1.20,66,12845500
105/04/19,84001,87.80,89.00,87.80,88.60,0.60,58,7406289
105/04/20,47000,88.20,89.30,88.10,88.20,-0.40,35,4152200
105/04/21,59000,88.30,88.30,87.40,87.40,-0.80,37,5182100
105/04/22,34000,88.00,88.00,86.90,87.30,-0.10,24,2970100
105/04/25,140000,87.00,87.00,85.20,86.50,-0.80,78,12051600
105/04/26,42000,86.30,87.90,86.00,87.80,1.30,23,3648100
105/04/27,67000,86.50,87.00,85.80,85.80,-2.00,42,5793400
105/04/28,78000,86.00,86.50,85.50,85.50,-0.30,28,6707400
105/04/29,162050,85.00,85.20,83.80,84.60,-0.90,98,13659569
105/05/03,75000,83.70,84.50,83.20,83.50,-1.10,46,6282400
105/05/04,57004,83.30,83.70,82.90,83.00,-0.50,46,4737735
105/05/05,22000,82.10,83.70,82.10,82.80,-0.20,22,1821200
105/05/06,66000,82.80,83.00,81.90,82.80,,29,5436800
105/05/09,67000,82.00,82.90,82.00,82.00,-0.80,48,5515800
105/05/10,184000,82.40,83.80,80.00,83.80,1.80,107,15004200
105/05/11,45000,82.00,83.50,81.70,82.20,-1.60,35,3701700
105/05/12,174000,82.20,82.60,80.00,80.50,-1.70,71,14061200
105/05/13,362000,79.50,80.50,77.90,79.80,-0.70,158,28594200
105/05/16,675000,73.00,81.00,73.00,81.00,1.20,380,51549100
105/05/17,127000,81.70,82.00,80.00,81.30,0.30,70,10305900
105/05/18,82000,81.30,81.90,80.40,80.60,-0.70,45,6647500
105/05/19,63000,81.80,81.80,79.60,79.70,-0.90,37,5056000
105/05/20,29000,80.90,80.90,79.50,79.60,-0.10,23,2315300
105/05/23,45142,80.10,81.90,80.10,81.00,1.40,31,3665516
105/05/24,17000,82.70,82.70,80.60,81.00,,13,1377300
105/05/25,94000,81.90,82.00,81.00,81.50,0.50,35,7689800
105/05/26,61742,81.50,81.50,80.00,81.40,-0.10,31,4969479
105/05/27,25000,81.50,81.50,81.00,81.20,-0.20,22,2030800
105/05/30,41001,81.00,81.70,81.00,81.20,,26,3326681
105/05/31,45000,80.70,82.40,80.70,80.70,-0.50,38,3645100
105/06/01,62000,80.20,81.50,80.20,81.50,0.80,38,5019400
105/06/02,18000,81.20,81.80,81.10,81.70,0.20,15,1467700
105/06/03,17000,81.20,82.10,81.20,82.10,0.40,16,1389900
105/06/04,73100,82.50,84.50,82.30,84.50,2.40,41,6106830
105/06/06,157100,84.50,86.80,84.50,86.00,1.50,90,13462390
105/06/07,43000,86.00,86.40,85.50,85.90,-0.10,24,3693000
105/06/08,79000,86.80,86.80,85.60,86.50,0.60,42,6809100
105/06/13,80000,86.90,87.00,85.20,85.70,-0.80,56,6909800
105/06/14,40000,84.70,86.20,84.70,85.70,,23,3416000
105/06/15,48000,85.70,86.10,85.00,85.50,-0.20,30,4121700
105/06/16,62000,85.10,85.30,84.50,84.50,-1.00,49,5257400
105/06/17,30000,84.50,84.90,84.50,84.70,0.20,22,2538500
105/06/20,12000,85.20,85.20,84.20,84.80,0.10,8,1017000
105/06/21,60000,84.10,85.00,84.00,84.00,-0.80,39,5058100
105/06/22,48000,83.60,84.20,83.60,83.80,-0.20,27,4035200
105/06/23,27000,83.80,84.00,83.70,84.00,0.20,20,2266000
105/06/24,76000,83.60,84.10,82.10,82.90,-1.10,53,6329600
105/06/27,63063,83.00,86.10,83.00,84.80,1.90,45,5341818
105/06/28,16000,85.00,85.00,83.70,84.60,-0.20,13,1353400
105/06/29,53054,84.60,84.60,83.00,83.90,-0.70,37,4458414
105/06/30,26000,83.90,84.70,83.50,84.70,0.80,19,2193100
105/07/01,32000,84.70,84.70,83.80,84.70,,14,2689100
105/07/04,28000,85.50,85.50,84.40,84.70,,22,2377700
105/07/05,36000,84.30,84.90,84.00,84.20,-0.50,24,3037500
105/07/06,28000,84.50,84.80,83.70,84.20,,17,2361000
105/07/07,13000,84.50,84.70,84.20,84.20,,8,1097700
105/07/11,74151,85.80,85.80,84.50,84.50,0.30,53,6299035
105/07/12,55000,85.00,85.00,84.00,84.20,-0.30,31,4642500
105/07/13,31000,85.00,85.00,83.90,84.30,0.10,17,2609900
105/07/14,84000,83.80,86.00,83.80,85.90,1.60,50,7162100
105/07/15,90000,86.20,86.20,84.40,86.00,0.10,66,7672400
105/07/18,77117,85.90,86.00,85.20,86.00,,52,6616437
105/07/19,131000,85.50,86.00,85.00,85.60,-0.40,65,11202400
105/07/20,116100,85.60,86.00,85.20,85.90,0.30,61,9939070
105/07/21,297318,85.90,87.50,85.40,86.50,0.60,176,25529306
105/07/22,160000,80.60,80.70,78.90,80.10,X,101,12846900
105/07/25,21000,80.10,80.10,79.30,79.40,-0.70,19,1669800
105/07/26,48000,79.40,79.50,78.00,78.50,-0.90,32,3791600
105/07/27,97000,78.50,78.50,77.00,77.10,-1.40,68,7511700
105/07/28,60316,77.00,77.00,76.00,76.00,-1.10,40,4598747
105/07/29,60003,75.90,79.00,75.90,78.10,2.10,45,4693140
105/08/01,29047,76.80,79.00,76.80,77.80,-0.30,24,2266945
105/08/02,18000,77.80,77.80,77.20,77.20,-0.60,13,1395800
105/08/03,30000,76.50,78.10,76.20,77.90,0.70,18,2319800
105/08/04,43000,77.90,78.40,76.50,78.40,0.50,30,3321500
105/08/05,46100,77.70,78.40,77.50,78.10,-0.30,24,3594100
105/08/08,61000,79.00,79.00,77.00,77.00,-1.10,43,4718400
105/08/09,50000,76.60,78.10,76.60,76.60,-0.40,35,3845600
105/08/10,37000,76.90,77.20,76.00,77.20,0.60,22,2844600
105/08/11,131000,77.20,77.20,75.00,75.80,-1.40,84,9949400
105/08/12,79000,76.20,76.50,75.00,76.00,0.20,44,5987100
105/08/15,39000,76.00,76.50,75.50,76.20,0.20,31,2970200
105/08/16,130000,76.00,76.00,74.80,75.50,-0.70,70,9779900
105/08/17,76001,75.00,75.30,74.50,75.20,-0.30,47,5690783
105/08/18,56000,75.00,75.40,74.30,75.30,0.10,33,4184200
105/08/19,78001,75.00,75.80,74.40,75.80,0.50,44,5842275
105/08/22,21000,75.80,76.00,75.00,75.90,0.10,18,1591300
105/08/23,14153,75.90,75.90,74.50,75.30,-0.60,16,1068628
105/08/24,9000,74.80,75.80,74.80,75.00,-0.30,7,677800
105/08/25,23000,75.00,75.70,75.00,75.60,0.60,13,1727700
105/08/26,38161,75.00,75.70,75.00,75.60,,23,2873275
105/08/29,26000,75.60,75.70,74.70,75.70,0.10,22,1955600
105/08/30,46050,75.90,75.90,74.50,74.60,-1.10,35,3453065
105/08/31,116000,75.00,75.50,74.50,74.60,,47,8672200
105/09/01,12109,74.30,75.00,74.10,74.80,0.20,9,904529
105/09/02,35000,73.60,74.80,73.60,74.80,,24,2604100
105/09/05,71665,74.50,77.00,74.20,77.00,2.20,45,5394106
105/09/06,108000,77.40,77.40,74.90,77.00,,61,8187400
105/09/07,97001,75.50,76.90,75.50,76.90,-0.10,46,7371876
105/09/08,20185,76.90,76.90,76.20,76.80,-0.10,19,1547508
105/09/09,242002,76.70,79.50,76.10,79.10,2.30,104,18840158
105/09/10,51000,78.90,79.20,77.50,79.20,0.10,42,4017100
105/09/12,51050,78.10,79.40,78.10,79.00,-0.20,36,4023650
105/09/13,56000,77.40,79.20,77.40,78.60,-0.40,42,4374300
105/09/14,47000,76.50,78.60,76.50,78.20,-0.40,32,3647800
105/09/19,37000,78.20,78.30,78.00,78.30,0.10,9,2894000
105/09/20,31000,78.30,78.50,77.70,77.90,-0.40,22,2419800
105/09/21,36000,77.90,79.00,77.00,79.00,1.10,24,2824200
105/09/22,48000,79.00,79.10,77.50,77.50,-1.50,27,3746300
105/09/23,36044,78.00,78.00,77.00,77.80,0.30,17,2801054
105/09/26,64000,77.10,78.80,76.20,78.80,1.00,29,4963300
105/09/29,18000,77.60,78.80,77.60,78.80,,14,1411700
105/09/30,26000,78.80,78.80,76.80,76.80,-2.00,18,2001800
105/10/03,45000,76.80,77.90,76.50,77.20,0.40,37,3467200
105/10/04,21000,76.90,77.50,76.70,77.50,0.30,19,1617000
105/10/05,27000,77.00,77.00,76.30,76.40,-1.10,21,2066300
105/10/06,38004,77.50,77.50,76.20,77.40,1.00,29,2914507
105/10/07,71000,77.40,78.40,77.40,77.80,0.40,23,5500800
105/10/11,68000,77.90,78.00,76.20,76.50,-1.30,30,5221300
105/10/12,28811,76.40,77.90,76.00,77.00,0.50,18,2204260
105/10/13,82000,76.20,76.40,75.80,76.00,-1.00,36,6234000
105/10/14,59000,75.40,75.40,73.70,74.00,-2.00,45,4388700
105/10/17,70000,74.00,75.40,74.00,74.60,0.60,17,5259800
105/10/18,23000,74.60,75.50,74.50,75.50,0.90,12,1725100
105/10/19,11000,75.00,75.00,74.50,75.00,-0.50,7,824000
105/10/20,10000,75.00,75.40,75.00,75.40,0.40,7,752800
105/10/21,28200,75.30,76.00,75.00,75.90,0.50,22,2131760
105/10/24,87000,75.80,76.50,75.80,76.50,0.60,27,6621000
105/10/25,76000,76.80,77.60,76.40,77.60,1.10,35,5851700
105/10/26,83000,77.50,78.00,76.70,78.00,0.40,31,6435600
105/10/27,19000,78.00,78.00,77.00,77.00,-1.00,8,1466500
105/10/28,12000,76.80,77.80,76.70,77.80,0.80,10,930400
105/10/31,49000,77.00,77.70,76.50,76.50,-1.30,24,3781600
105/11/01,11055,76.50,77.00,76.00,77.00,0.50,11,845402
105/11/02,53000,75.50,76.50,75.30,75.90,-1.10,25,4010500
105/11/03,32000,77.40,77.40,75.10,75.40,-0.50,16,2425700
105/11/04,64000,75.50,76.60,75.00,76.00,0.60,35,4838000
105/11/07,61100,76.00,76.20,75.10,75.90,-0.10,17,4645160
105/11/08,29000,76.50,76.90,75.80,76.40,0.50,17,2210900
105/11/09,105000,75.50,75.50,72.00,73.40,-3.00,68,7737800
105/11/10,96000,74.20,75.90,74.10,75.50,2.10,26,7220300
105/11/11,21000,75.00,76.40,73.50,73.50,-2.00,21,1563700
105/11/14,11000,73.50,75.70,73.50,75.50,2.00,10,821300
105/11/15,156000,75.50,75.70,73.20,75.50,,72,11586000
105/11/16,71000,74.80,75.50,74.60,75.50,,23,5328600
105/11/17,95000,75.50,75.50,74.50,75.00,-0.50,17,7105500
105/11/18,287000,75.00,76.50,74.90,76.30,1.30,108,21672700
105/11/21,147000,76.00,78.20,75.50,77.60,1.30,52,11334600
105/11/22,162035,77.60,78.60,77.60,77.70,0.10,51,12633519
105/11/23,76000,78.00,78.00,77.00,77.20,-0.50,18,5906400
105/11/24,53000,77.10,78.30,77.00,77.50,0.30,29,4125500
105/11/25,59000,76.90,78.00,75.90,78.00,0.50,37,4537400
105/11/28,51000,76.50,78.10,76.50,78.00,,32,3949700
105/11/29,58140,78.00,78.00,77.00,77.90,-0.10,22,4506622
105/11/30,62000,78.00,78.00,76.90,77.50,-0.40,25,4787100
105/12/01,31000,77.50,77.80,77.00,77.80,0.30,13,2399300
105/12/02,27000,77.70,77.70,77.00,77.30,-0.50,17,2088400
105/12/05,44000,77.80,77.80,76.90,77.60,0.30,22,3401200
105/12/06,22000,77.10,77.60,76.60,77.60,,11,1696600
105/12/07,4018,76.50,77.50,76.50,77.50,-0.10,5,308684
105/12/08,21000,77.50,77.70,75.50,77.70,0.20,13,1624100
105/12/09,50185,77.00,78.10,77.00,78.00,0.30,31,3907419
105/12/12,28000,78.00,78.10,77.60,77.60,-0.40,14,2183700
105/12/13,4035,77.60,78.00,77.60,78.00,0.40,4,314209
105/12/14,21000,78.00,78.50,77.70,77.70,-0.30,13,1639100
105/12/15,5000,78.70,78.70,78.30,78.30,0.60,5,392300
105/12/16,47000,78.30,78.50,77.30,78.40,0.10,25,3672000
105/12/19,4000,78.40,78.40,77.60,77.60,-0.80,4,311200
105/12/20,21000,78.10,78.50,78.10,78.30,0.70,20,1645200
105/12/21,26000,77.40,78.20,77.20,78.10,-0.20,14,2014900
105/12/22,9000,77.40,78.20,77.40,77.70,-0.40,8,700300
105/12/23,27000,77.70,77.70,77.40,77.40,-0.30,9,2096400
105/12/26,34000,77.80,78.00,77.60,78.00,0.60,17,2647900
105/12/27,7000,78.20,78.30,77.80,78.10,0.10,6,546300
105/12/28,8000,78.10,78.20,78.10,78.20,0.10,7,625300
105/12/29,4000,78.00,78.00,77.50,77.50,-0.70,4,311400
105/12/30,84000,78.10,79.20,78.10,78.80,1.30,54,6628800
106/01/03,42000,78.80,78.90,77.80,77.80,-1.00,22,3289000
106/01/04,16000,78.90,78.90,77.70,78.00,0.20,15,1249000
106/01/05,345120,77.60,81.70,77.60,81.70,3.70,170,27581620
106/01/06,245006,82.40,84.90,82.00,82.50,0.80,140,20415092
106/01/09,225050,83.50,83.90,82.00,83.80,1.30,83,18693129
106/01/10,189030,84.60,85.00,83.90,84.30,0.50,113,15988753
106/01/11,79000,84.80,85.00,82.90,84.80,0.50,51,6663500
106/01/12,539055,84.00,86.00,84.00,85.90,1.10,135,45689995
106/01/13,354000,85.90,87.10,85.20,86.60,0.70,200,30610500
106/01/16,266000,87.00,88.10,87.00,87.60,1.00,175,23294700
106/01/17,190191,87.70,87.80,86.00,86.00,-1.60,132,16512292
106/01/18,67000,86.00,86.70,85.50,86.00,,52,5755900
106/01/19,53000,86.20,86.50,86.00,86.20,0.20,36,4566400
106/01/20,126050,87.00,87.10,86.00,86.20,,75,10903680
106/01/23,1424611,87.50,94.80,87.50,94.80,8.60,752,132444722
106/01/24,1558622,95.70,104.00,95.10,103.00,8.20,1053,158826266
106/02/02,1360692,102.00,113.00,102.00,113.00,10.00,937,149935196
106/02/03,1243115,118.00,124.00,118.00,124.00,11.00,868,153001760
106/02/06,1683620,123.00,127.50,116.50,124.00,,1162,205578380
106/02/07,1167647,124.00,124.00,116.50,119.50,-4.50,705,139082815
106/02/08,609099,118.50,120.00,115.00,117.00,-2.50,408,71415083
106/02/09,700817,119.00,123.00,117.00,122.00,5.00,491,84364857
106/02/10,736422,121.00,123.00,119.00,122.50,0.50,475,89571272
106/02/13,1366390,125.00,134.50,124.00,134.50,12.00,880,178960455
106/02/14,985764,136.00,137.00,127.00,127.50,-7.00,732,130524528
106/02/15,384110,127.50,132.50,127.50,131.00,3.50,289,50108800
106/02/16,346110,131.50,133.00,127.00,128.50,-2.50,262,44673580
106/02/17,884481,128.50,141.00,127.00,138.50,10.00,617,119986617
106/02/18,529664,138.50,142.50,136.50,138.50,,399,74070968
106/02/20,600999,138.50,140.00,134.00,134.00,-4.50,461,82333367
106/02/21,2236281,137.00,137.50,121.00,121.00,-13.00,1406,275691001
106/02/22,927198,118.00,126.00,118.00,121.00,,634,112705760
106/02/23,301221,122.50,124.00,121.00,121.00,,215,36813241
106/02/24,400037,122.00,123.00,117.50,118.00,-3.00,261,47814866
106/03/01,1293618,121.00,129.50,118.00,124.00,6.00,858,162038323
106/03/02,545095,126.00,126.50,119.50,119.50,-4.50,398,66231305
106/03/03,233100,121.00,122.50,118.00,118.50,-1.00,205,27894350
106/03/06,131312,119.00,119.00,117.50,118.50,,109,15561816
106/03/07,290139,118.50,121.00,117.00,117.00,-1.50,189,34343263
106/03/08,1618500,118.00,118.00,105.50,105.50,-11.50,1037,173681750
106/03/09,565315,104.00,109.00,102.00,105.00,-0.50,417,59796915
106/03/10,463100,107.00,110.00,105.50,109.50,4.50,372,50293400
106/03/13,307230,109.50,110.50,105.50,109.00,-0.50,218,33532570
106/03/14,163120,109.00,110.00,107.00,108.00,-1.00,126,17672900
106/03/15,531100,109.00,118.00,109.00,114.00,6.00,426,60138350
106/03/16,234070,114.00,115.00,112.50,112.50,-1.50,181,26560340
106/03/17,177512,113.50,114.50,112.00,112.50,,137,20063844
106/03/20,493613,112.00,112.50,106.00,111.00,-1.50,324,53713123
106/03/21,189158,110.00,112.50,108.50,109.00,-2.00,132,20777564
106/03/22,285280,108.00,111.00,106.00,108.50,-0.50,196,30873380
106/03/23,621130,108.50,109.00,102.00,107.50,-1.00,494,65635474
106/03/24,241970,107.00,109.00,106.00,107.50,,205,25912790
106/03/27,107000,107.00,108.00,105.00,106.50,-1.00,85,11441000
106/03/28,137048,108.00,109.50,106.00,107.50,1.00,124,14739708
106/03/29,907183,108.50,118.00,108.50,116.00,8.50,685,104779228
106/03/30,894020,115.00,121.50,115.00,117.00,1.00,666,106104320
106/03/31,415420,119.00,119.00,113.50,115.50,-1.50,280,48093300
106/04/05,304001,117.00,118.50,115.50,117.50,2.00,212,35567617
106/04/06,182131,118.00,118.00,113.00,114.50,3.00,140,20980130
106/04/07,294601,116.00,116.00,109.00,111.50,3.00,233,32911711
106/04/10,207000,111.00,114.00,111.00,111.50,,150,23279000
106/04/11,482000,110.50,116.50,110.50,111.50,,273,54485000
106/04/12,263000,111.50,114.00,109.50,110.00,1.50,179,29187500
106/04/13,149000,111.50,112.50,111.00,111.00,1.00,88,16655000
106/04/14,254000,111.00,111.50,108.00,110.00,1.00,168,27900000
106/04/17,239700,110.00,110.50,108.00,110.00,,187,26205800
106/04/18,741854,112.50,121.00,112.00,121.00,11.00,466,87770334
106/04/19,3269231,121.00,133.00,119.00,133.00,12.00,1917,421943223
106/04/20,3465205,140.00,142.50,127.50,130.50,2.50,2366,473897045
106/04/21,1950718,134.50,142.00,130.50,137.00,6.50,1469,267223584
106/04/24,1262400,140.00,142.00,132.50,132.50,4.50,924,172616300
106/04/25,860000,132.50,136.00,128.50,130.50,2.00,654,113338000
106/04/26,836003,134.00,137.00,131.00,132.00,1.50,603,111646896
106/04/27,763050,132.00,132.50,125.00,128.00,4.00,574,98028900
106/04/28,701229,127.50,133.50,127.50,127.50,0.50,509,91134083
106/05/02,407000,129.50,130.50,126.00,127.50,,343,51961500
106/05/03,406297,131.00,131.00,127.50,128.00,0.50,317,52631219
106/05/04,250116,129.00,130.50,127.50,128.00,,178,32137964
106/05/05,1492000,127.50,137.00,127.50,129.00,1.00,1147,196218500
106/05/08,268000,129.50,132.00,129.00,129.50,0.50,235,34932000
106/05/09,327000,131.50,131.50,126.00,127.00,2.50,261,41876000
106/05/10,604000,131.00,134.50,129.50,129.50,2.50,453,79506500
106/05/11,281090,130.50,131.50,128.50,128.50,1.00,200,36585430
106/05/12,209000,130.00,131.00,128.50,131.00,2.50,143,27082000
106/05/15,1079150,132.50,138.00,132.00,135.00,4.00,799,145622750
106/05/16,740734,136.00,139.00,133.00,137.00,2.00,565,100986824
106/05/17,2122201,137.50,150.50,137.50,150.50,13.50,1260,311363750
106/05/18,4248557,154.00,162.00,153.50,159.50,9.00,2907,666495620
106/05/19,1615296,160.00,163.00,155.50,162.50,3.00,1125,257914656
106/05/22,854263,165.00,165.00,157.00,158.00,4.50,666,136619291
106/05/23,571266,158.50,161.50,157.50,161.50,3.50,465,91354560
106/05/24,1641500,165.00,172.00,159.50,159.50,2.00,1285,271571750
106/05/25,843543,159.50,161.00,154.00,156.50,3.00,602,132194935
106/05/26,219000,158.00,159.50,156.00,156.50,,185,34512500
106/05/31,310057,158.50,161.50,156.50,159.00,2.50,226,49343063
106/06/01,208600,159.00,161.00,159.00,160.50,1.50,155,33357900
106/06/02,482000,161.50,167.00,160.00,160.00,0.50,387,78549500
106/06/03,330000,160.50,162.00,158.50,162.00,2.00,213,52760500
106/06/05,602105,164.50,168.00,164.00,168.00,6.00,473,99862140
106/06/06,947300,171.00,172.00,166.00,169.00,1.00,684,160841000
106/06/07,591512,169.50,169.50,163.00,165.50,3.50,366,98064724
106/06/08,308250,165.00,166.50,163.00,166.00,0.50,199,50798250
106/06/09,1216257,166.00,179.00,165.50,178.00,12.00,907,211532746
106/06/12,1802021,171.50,172.00,161.00,167.00,11.00,1179,300182486
106/06/13,329929,167.00,170.00,164.00,167.00,,249,54989214
106/06/14,417100,168.50,169.00,164.00,168.00,1.00,273,69372700
106/06/15,537033,168.50,175.00,167.50,173.50,5.50,445,92647176
106/06/16,316300,173.50,176.50,172.50,174.00,0.50,261,55140900
106/06/19,294132,174.00,174.50,170.50,172.00,2.00,229,50558572
106/06/20,149000,174.00,174.00,172.00,173.50,1.50,121,25836000
106/06/21,151000,174.00,175.00,173.00,175.00,1.50,115,26248500
106/06/22,515018,175.00,183.00,175.00,177.50,2.50,440,92441186
106/06/23,179494,177.50,180.50,176.00,176.00,1.50,161,31884950
106/06/26,910115,177.00,177.50,169.00,175.00,1.00,631,156261125
106/06/27,209000,174.00,178.00,174.00,175.50,0.50,175,36783500
106/06/28,155200,175.00,177.00,174.00,177.00,1.50,125,27242400
106/06/29,474150,178.50,182.00,177.00,179.00,2.00,353,85271850
106/06/30,469150,179.00,181.00,177.00,181.00,2.00,151,83942150
106/07/03,94300,181.50,181.50,178.50,179.00,2.00,70,16915900
106/07/04,163015,179.00,179.50,176.00,176.00,3.00,128,28929125
106/07/05,252073,176.00,178.00,175.00,176.00,,194,44348275
106/07/06,63004,177.00,179.50,176.00,179.50,3.50,61,11182714
106/07/07,526116,179.00,184.00,178.50,181.00,1.50,335,95587880
106/07/10,355004,186.00,187.00,182.50,185.50,4.50,246,65454244
106/07/11,289004,186.00,187.00,185.00,187.00,1.50,176,53678245
106/07/12,681062,189.50,196.00,189.00,192.50,5.50,507,131400404
106/07/13,272130,192.50,194.50,190.00,194.50,2.00,179,52477785
106/07/14,185100,192.50,195.00,191.50,195.00,0.50,154,35765000
106/07/17,224104,195.50,196.00,194.50,195.50,0.50,174,43774384
106/07/18,240005,196.00,196.50,191.00,193.50,2.00,179,46516962
106/07/19,130000,194.00,194.00,192.50,193.00,0.50,93,25087500
106/07/20,295015,193.50,198.00,193.00,198.00,5.00,240,57960470
106/07/21,259000,192.50,197.00,192.50,196.50,X,207,50656000
106/07/24,261125,196.50,200.50,196.00,198.50,2.00,219,51823186
106/07/25,462132,198.00,209.50,198.00,209.00,10.50,399,94431088
106/07/26,428000,209.00,214.00,207.00,212.00,3.00,349,90402500
106/07/27,642100,212.00,222.00,212.00,217.00,5.00,526,139885549
106/07/28,313074,218.00,222.00,217.00,222.00,5.00,260,68908502
106/07/31,403029,222.00,225.00,216.50,217.00,5.00,358,89492807
106/08/01,297125,217.00,220.00,215.50,215.50,1.50,207,64657436
106/08/02,200000,215.50,217.50,215.00,217.00,1.50,147,43255000
106/08/03,112078,217.00,217.00,215.50,217.00,,102,24275426
106/08/04,170000,217.00,220.00,215.00,217.50,0.50,133,36986500
106/08/07,233099,217.50,224.50,217.50,224.00,6.50,172,51536661
106/08/08,140000,226.00,226.50,220.50,222.00,2.00,122,31340000
106/08/09,120047,222.00,222.00,213.50,217.50,4.50,101,26160340
106/08/10,636261,206.50,212.00,196.00,196.00,21.50,465,126360656
106/08/11,624000,192.00,201.00,184.50,201.00,5.00,472,120382500
106/08/14,317100,201.00,201.00,191.50,194.50,6.50,242,62037950
106/08/15,317472,194.50,196.00,191.50,193.00,1.50,277,61455596
106/08/16,162100,192.50,197.50,191.00,196.50,3.50,142,31722550
106/08/17,161100,196.50,203.50,195.00,202.00,5.50,149,32314200
106/08/18,101000,199.00,203.00,199.00,200.00,2.00,84,20334500
106/08/21,89250,201.00,202.00,197.00,200.50,0.50,74,17877625
106/08/22,99003,200.00,202.00,198.50,200.50,,78,19905601
106/08/23,110162,201.00,201.50,199.00,200.00,0.50,83,22068657
106/08/24,52173,201.00,202.50,200.50,200.50,0.50,46,10501013
106/08/25,78000,204.00,204.00,199.50,199.50,1.00,64,15635000
106/08/28,468928,201.50,219.00,201.50,219.00,19.50,311,100327232
106/08/29,863000,224.00,240.50,224.00,226.50,7.50,585,200202000
106/08/30,219180,230.50,236.50,230.50,232.00,5.50,198,51217150
106/08/31,96000,237.50,237.50,230.00,232.50,0.50,87,22392000
106/09/01,96030,231.00,235.00,231.00,235.00,2.50,79,22372050
106/09/04,1030157,248.00,258.00,245.50,257.50,22.50,806,260615584
106/09/05,436000,253.00,264.00,251.00,257.50,,360,112066500
106/09/06,343263,259.50,259.50,247.00,257.50,,270,87041354
106/09/07,146100,257.50,259.50,252.00,252.50,5.00,125,37282249
106/09/08,319000,255.00,264.00,253.50,255.00,2.50,255,81918000
106/09/11,202100,261.00,261.00,248.00,251.00,4.00,167,51208600
106/09/12,194250,255.50,255.50,247.00,251.00,,156,48618250
106/09/13,193136,252.50,252.50,241.50,241.50,9.50,166,47694843
106/09/14,163100,243.00,243.50,233.50,242.50,1.00,141,38919150
106/09/15,71200,245.00,245.00,235.50,238.50,4.00,67,17017400
106/09/18,114000,241.00,242.50,238.00,242.00,3.50,98,27335500
106/09/19,167000,244.50,248.00,240.50,243.00,1.00,147,40926500
106/09/20,158001,244.00,246.50,239.00,245.50,2.50,138,38595245
106/09/21,67100,246.00,247.00,245.50,246.00,0.50,64,16523550
106/09/22,126000,246.50,246.50,240.00,241.00,5.00,106,30517000
106/09/25,221000,241.00,241.00,226.00,226.00,15.00,189,50912000
106/09/26,112000,226.50,228.00,220.00,224.50,1.50,101,25131500
106/09/27,119000,225.00,232.00,225.00,231.50,7.00,107,27259000
106/09/28,98000,231.50,235.00,228.50,235.00,3.50,88,22755000
106/09/29,56000,235.00,235.50,231.00,235.50,0.50,55,13103500
106/09/30,133000,236.50,242.00,236.50,242.00,6.50,112,31925500
106/10/02,55065,246.00,246.00,241.00,243.00,1.00,55,13349730
106/10/03,181001,243.00,243.00,237.00,238.00,5.00,132,43413740
106/10/05,62000,243.00,243.00,238.00,239.50,1.50,59,14893000
106/10/06,77030,241.00,241.00,238.00,239.50,,69,18438185
106/10/11,199235,244.00,245.50,236.50,236.50,3.00,162,48004725
106/10/12,137314,239.50,239.50,225.50,231.00,5.50,121,31668406
106/10/13,76005,230.50,231.00,229.00,229.00,2.00,65,17487655
106/10/16,68001,230.00,231.00,227.50,227.50,1.50,69,15564227
106/10/17,60000,231.00,231.00,225.50,225.50,2.00,58,13640500
106/10/18,179006,225.50,225.50,213.50,217.00,8.50,158,39313308
106/10/19,109000,217.00,221.00,213.00,219.50,2.50,91,23713000
106/10/20,55000,217.50,223.50,217.50,218.50,1.00,55,12133000
106/10/23,57000,219.00,221.00,218.00,219.00,0.50,53,12504000
106/10/24,58300,219.00,221.50,219.00,220.00,1.00,53,12835500
106/10/25,88100,220.00,222.00,218.00,221.00,1.00,73,19391649
106/10/26,47100,218.50,221.00,218.50,219.50,1.50,48,10352849
106/10/27,100000,219.50,222.00,219.00,219.50,,87,22019500
106/10/30,119650,220.00,230.50,220.00,230.00,10.50,114,27173675
106/10/31,225100,233.00,240.00,233.00,240.00,10.00,220,53692300
106/11/01,160100,240.00,244.00,235.00,239.50,0.50,150,38444800
106/11/02,111000,239.50,242.00,236.50,239.50,,96,26577000
106/11/03,137005,240.00,243.00,240.00,241.00,1.50,128,33044197
106/11/06,94026,240.00,240.00,234.00,235.00,6.00,92,22322584
106/11/07,88000,235.50,236.00,226.50,227.00,8.00,82,20338000
106/11/08,87000,227.00,227.00,220.00,223.00,4.00,85,19449500
106/11/09,222080,220.50,220.50,211.00,213.00,10.00,195,48038620
106/11/10,611229,210.00,210.00,192.00,196.00,17.00,543,121687725
106/11/13,245005,197.00,202.00,189.00,189.00,7.00,190,48064945
106/11/14,519650,189.00,190.00,175.00,181.00,8.00,395,93962500
106/11/15,294000,180.00,185.00,173.00,180.50,0.50,260,52674000
106/11/16,220003,181.50,190.00,181.50,189.50,9.00,199,41174570
106/11/17,162050,189.50,192.50,187.00,187.00,2.50,158,30695850
106/11/20,141100,189.00,194.50,188.50,190.50,3.50,128,27081700
106/11/21,96025,190.50,191.50,187.00,189.50,1.00,93,18172737
106/11/22,123028,188.00,190.00,185.00,185.50,4.00,98,23085208
106/11/23,108161,185.00,187.00,179.00,179.50,6.00,97,19593399
106/11/24,350081,180.00,197.00,180.00,197.00,17.50,297,66924457
106/11/27,493002,202.00,207.00,190.00,193.00,4.00,393,98956389
106/11/28,513100,189.50,190.50,178.00,178.50,14.50,431,93333500
106/11/29,324000,176.50,184.50,174.00,180.00,1.50,276,57844000
106/11/30,843001,178.00,178.00,162.00,162.00,18.00,643,140133162
106/12/01,925300,161.50,161.50,148.00,152.00,10.00,721,141573400
106/12/04,783700,150.50,150.50,138.00,139.00,13.00,640,111561600
106/12/05,320161,142.00,143.00,138.00,139.00,,278,44946379
106/12/06,401000,139.00,146.00,135.00,137.50,1.50,335,56507000
106/12/07,255230,139.00,141.50,134.00,134.00,3.50,197,34731820
106/12/08,1048255,135.00,135.50,121.00,121.00,13.00,681,129098981
106/12/11,1265811,122.50,133.00,120.00,133.00,12.00,893,162380363
106/12/12,777214,137.00,139.00,126.50,128.00,5.00,630,103694106
106/12/13,532106,129.00,138.00,128.00,137.00,9.00,486,71623628
106/12/14,854205,140.00,149.00,139.50,142.00,5.00,743,123588905
106/12/15,364435,143.00,146.50,139.00,141.50,0.50,336,52225617
106/12/18,195101,141.50,143.00,136.00,138.50,3.00,182,27059539
106/12/19,84000,139.00,139.00,136.50,137.00,1.50,74,11527000
106/12/20,89100,138.50,140.00,137.50,138.50,1.50,84,12353300
106/12/21,131000,138.50,141.00,137.00,137.00,1.50,108,18159500
106/12/22,186015,137.50,141.50,137.00,138.50,1.50,141,25871592
106/12/25,71000,140.00,140.00,137.50,139.50,1.00,52,9842000
106/12/26,192100,139.50,139.50,131.00,134.00,5.50,161,25831900
106/12/27,112100,133.00,137.50,133.00,133.50,0.50,83,15094450
106/12/28,86000,134.00,136.00,133.00,136.00,2.50,70,11591500
106/12/29,168119,136.00,140.00,134.00,140.00,4.00,130,23114660
107/01/02,175001,140.00,144.50,138.50,140.00,,153,24682140
107/01/03,140000,140.50,141.50,139.00,140.00,,115,19661000
107/01/04,113000,141.00,141.00,138.50,141.00,1.00,81,15779500
107/01/05,111152,142.00,142.50,140.00,141.00,,103,15672432
107/01/08,261000,141.50,145.00,141.00,141.00,,213,37336500
107/01/09,185000,141.00,141.00,134.00,136.00,5.00,154,25306500
107/01/10,121000,137.50,138.00,134.00,136.00,,96,16467500
107/01/11,83000,136.00,136.00,132.00,132.50,3.50,80,11049000
107/01/12,426130,132.50,145.00,132.50,143.50,11.00,353,60568784
107/01/15,293000,145.00,147.50,141.50,143.50,,252,42215000
107/01/16,76000,144.00,144.50,140.50,141.50,2.00,73,10770500
107/01/17,84100,142.00,143.50,140.50,143.00,1.50,78,11936300
107/01/18,131028,144.00,145.00,141.50,141.50,1.50,119,18688004
107/01/19,92000,143.00,143.00,139.50,139.50,2.00,76,12959500
107/01/22,157085,139.50,140.00,135.00,137.00,2.50,135,21579315
107/01/23,77065,137.00,138.00,136.50,138.00,1.00,73,10570250
107/01/24,105000,140.00,141.50,137.50,140.00,2.00,97,14670000
107/01/25,150000,140.50,143.00,137.00,138.00,2.00,118,21021500
107/01/26,52200,138.00,140.00,138.00,139.00,1.00,55,7259100
107/01/29,49016,140.00,140.50,137.00,139.00,,45,6790708
107/01/30,108000,140.00,140.00,135.50,135.50,3.50,100,14816500
107/01/31,72100,135.50,137.00,135.00,135.50,,57,9800100
107/02/01,80000,136.00,136.00,133.50,134.00,1.50,61,10754000
107/02/02,77000,135.00,135.00,132.50,133.00,1.00,69,10281500
107/02/05,88046,130.00,131.50,128.00,129.00,4.00,82,11401480
107/02/06,424200,127.00,127.00,116.50,116.50,12.50,348,50272300
107/02/07,239000,122.00,124.50,118.00,118.00,1.50,201,28809500
107/02/08,134000,118.50,122.50,118.50,118.50,0.50,118,16084000
107/02/09,359000,109.00,114.00,107.00,113.50,5.00,322,39384499
107/02/12,207191,116.00,120.00,115.00,120.00,6.50,163,24432729
107/02/21,165250,124.00,128.00,124.00,127.50,7.50,137,20891374
107/02/22,95000,128.00,129.00,126.50,128.00,0.50,82,12116500
107/02/23,49191,130.00,130.00,126.50,126.50,1.50,48,6310948
107/02/26,545100,129.00,139.00,129.00,139.00,12.50,372,74437900
107/02/27,401080,141.00,142.00,137.50,139.00,,348,55973860
107/03/01,902082,138.00,152.50,136.50,151.00,12.00,679,134366300
107/03/02,503100,148.00,156.50,147.00,152.00,1.00,418,75996750
107/03/05,423150,153.00,154.50,147.00,153.00,1.00,330,63826875
107/03/06,384218,154.00,161.50,153.50,155.50,2.50,335,60295226
107/03/07,221350,154.50,158.00,154.50,156.00,0.50,185,34638100
107/03/08,213063,157.50,161.00,156.50,160.00,4.00,179,33964080
107/03/09,152300,161.00,162.50,156.00,157.00,3.00,135,24202300
107/03/12,259093,157.00,159.00,152.00,152.50,4.50,228,40165275
107/03/13,75000,153.00,155.00,153.00,154.50,2.00,67,11556000
107/03/14,62000,157.50,157.50,154.00,155.00,0.50,52,9594500
107/03/15,57200,154.00,154.50,152.50,153.50,1.50,54,8771199
107/03/16,42450,154.00,155.00,152.50,153.00,0.50,37,6523400
107/03/19,46000,153.00,154.00,152.50,152.50,0.50,41,7039000
107/03/20,472300,152.50,167.00,152.00,165.00,12.50,414,76593700
107/03/21,535145,167.00,167.50,161.50,163.50,1.50,382,87794707
107/03/22,915124,164.00,179.50,164.00,179.50,16.00,629,161728757
107/03/23,1894697,173.00,193.00,172.00,181.00,1.50,1638,347220460
107/03/26,1632234,183.00,199.00,183.00,198.50,17.50,1246,314396332
107/03/27,1262300,207.00,215.00,201.00,209.00,10.50,1062,263021100
107/03/28,975377,205.00,208.50,199.00,202.00,7.00,829,198462088
107/03/29,407201,207.00,209.50,199.50,202.00,,369,82900701
107/03/30,2733500,206.00,216.50,182.00,185.50,16.50,2258,536611250
107/03/31,1087130,182.00,187.50,172.50,187.00,1.50,938,194641245
107/04/02,537100,186.50,193.00,184.50,186.50,0.50,472,101221600
107/04/03,289180,189.00,189.00,181.00,181.00,5.50,247,53195260
107/04/09,248101,180.50,185.00,177.50,182.00,1.00,226,44854533
107/04/10,270101,182.00,186.50,178.00,178.00,4.00,225,49052281
107/04/11,633909,179.00,181.00,161.00,163.00,15.00,549,106041576
107/04/12,411100,161.00,168.00,156.00,167.00,4.00,355,66758700
107/04/13,258000,168.00,168.50,162.50,162.50,4.50,218,42728000
107/04/16,198001,160.00,168.00,159.50,165.00,2.50,178,32404172
107/04/17,170208,166.50,169.00,163.00,163.00,2.00,151,28068112
107/04/18,137161,163.00,167.00,162.50,162.50,0.50,112,22494323
107/04/19,106000,163.50,165.00,160.00,162.00,0.50,96,17239000
107/04/20,141000,161.50,163.00,158.00,161.50,0.50,111,22637500
107/04/23,227000,162.00,162.00,152.00,155.50,6.00,192,35479000
107/04/24,275114,153.00,153.50,143.00,148.00,7.50,229,40850600
107/04/25,167001,143.50,157.00,143.50,157.00,9.00,146,25371158
107/04/26,267001,157.00,166.50,155.50,156.00,1.00,246,43039658
107/04/27,157000,161.50,162.00,157.50,157.50,1.50,131,25099500
107/04/30,122239,159.00,163.00,159.00,161.00,3.50,101,19691457
107/05/02,125999,161.00,162.50,158.00,160.00,1.00,103,20172841
107/05/03,42258,160.00,160.00,157.50,157.50,2.50,43,6688748
107/05/04,75538,157.50,159.00,156.50,157.00,0.50,63,11900428
107/05/07,214500,159.00,163.50,159.00,162.50,5.50,166,34603000
107/05/08,451000,160.00,161.00,151.00,158.50,4.00,333,70754000
107/05/09,112500,159.50,161.50,156.00,160.50,2.00,100,17982000
107/05/10,528286,161.00,174.50,161.00,174.50,14.00,438,89316404
107/05/11,754129,178.00,185.50,173.00,174.00,0.50,649,134942317
107/05/14,432200,174.50,185.00,174.50,185.00,11.00,381,78111800
107/05/15,468000,186.00,186.00,177.50,182.00,3.00,406,84689000
107/05/16,535200,182.00,190.50,180.50,182.00,,484,99469199
107/05/17,194100,183.50,184.00,178.50,179.50,2.50,179,35082600
107/05/18,236400,178.00,181.50,176.00,179.50,,203,42221700
107/05/21,250000,179.50,182.00,177.00,177.00,2.50,217,44925000
107/05/22,595000,178.00,186.00,172.00,183.00,6.00,496,105077500
107/05/23,512126,182.00,182.50,174.00,174.00,9.00,439,91047676
107/05/24,663000,175.50,187.00,175.50,181.50,7.50,529,120674000
107/05/25,160100,180.00,180.00,176.50,179.00,2.50,144,28580900
107/05/28,193000,181.50,181.50,177.00,178.00,1.00,176,34623000
107/05/29,144000,179.00,179.00,175.50,176.50,1.50,132,25467500
107/05/30,187001,176.00,179.00,174.50,175.00,1.50,164,33041676
107/05/31,185000,175.50,178.50,175.00,175.00,,153,32715500
