精成科          ,	6191
日期,成交股數,開盤價,最高價,最低價,收盤價,漲跌價差,成交筆數,成交金額
104/01/05,518541,10.20,10.30,10.10,10.30,0.10,195,5299915
104/01/06,626238,10.20,10.20,10.05,10.10,-0.20,185,6338238
104/01/07,544083,10.05,10.20,10.05,10.15,0.05,167,5517837
104/01/08,983494,10.25,10.30,10.10,10.10,-0.05,231,10032312
104/01/09,699818,10.20,10.30,10.15,10.20,0.10,189,7152050
104/01/12,3998679,10.25,10.75,10.25,10.50,0.30,1046,42323940
104/01/13,1358499,10.45,10.65,10.45,10.50,,346,14328212
104/01/14,2000487,10.55,10.70,10.50,10.60,0.10,501,21223232
104/01/15,652333,10.70,10.70,10.50,10.55,-0.05,209,6892494
104/01/16,986845,10.60,10.65,10.40,10.45,-0.10,325,10349486
104/01/19,1194874,10.65,10.65,10.25,10.35,-0.10,287,12396301
104/01/20,525723,10.35,10.45,10.35,10.40,0.05,178,5467332
104/01/21,1181990,10.40,10.55,10.40,10.45,0.05,272,12406194
104/01/22,1415930,10.45,10.70,10.45,10.65,0.20,387,14989857
104/01/23,1475670,10.70,10.80,10.60,10.65,,337,15759100
104/01/26,4080491,10.65,11.00,10.65,10.85,0.20,879,44277122
104/01/27,6597146,10.90,11.20,10.85,10.95,0.10,1308,72714285
104/01/28,2835968,10.95,11.05,10.90,11.00,0.05,519,31109596
104/01/29,6707653,11.00,11.25,11.00,11.10,0.10,1109,74790760
104/01/30,9963361,11.25,11.25,10.80,10.80,-0.30,2013,109785946
104/02/02,1480260,10.75,10.90,10.70,10.70,-0.10,328,15922217
104/02/03,1398930,10.70,10.75,10.60,10.65,-0.05,355,14931206
104/02/04,1113155,10.70,10.80,10.65,10.65,,298,11927840
104/02/05,1231149,10.65,10.65,10.50,10.50,-0.15,311,12996411
104/02/06,801579,10.50,10.65,10.50,10.55,0.05,192,8488079
104/02/09,1206662,10.45,10.55,10.35,10.45,-0.10,342,12565534
104/02/10,513547,10.35,10.55,10.35,10.40,-0.05,202,5357811
104/02/11,1330721,10.40,10.55,10.20,10.25,-0.15,322,13754499
104/02/12,584804,10.25,10.35,10.20,10.25,,146,6000246
104/02/13,718259,10.25,10.35,10.25,10.25,,187,7379090
104/02/24,2173221,10.45,10.70,10.35,10.60,0.35,525,22961168
104/02/25,2943213,10.60,10.85,10.50,10.75,0.15,827,31510863
104/02/26,1021053,10.65,10.75,10.60,10.60,-0.15,317,10865061
104/03/02,1993773,10.70,10.75,10.60,10.65,0.05,424,21226041
104/03/03,1707659,10.70,10.70,10.45,10.50,-0.15,352,17993566
104/03/04,587195,10.30,10.55,10.30,10.50,,217,6145774
104/03/05,3033258,10.45,10.85,10.45,10.70,0.20,869,32529856
104/03/06,1790463,10.70,10.90,10.70,10.70,,450,19314175
104/03/09,757732,10.70,10.70,10.55,10.65,-0.05,245,8022695
104/03/10,960407,10.65,10.65,10.50,10.50,-0.15,252,10125341
104/03/11,877718,10.45,10.50,10.40,10.45,-0.05,330,9162852
104/03/12,602949,10.45,10.60,10.40,10.45,,186,6324914
104/03/13,632174,10.50,10.65,10.45,10.50,0.05,200,6657966
104/03/16,2859531,10.60,10.85,10.45,10.65,0.15,801,30672476
104/03/17,1070186,10.75,10.75,10.50,10.50,-0.15,331,11332302
104/03/18,932095,10.50,10.55,10.45,10.45,-0.05,371,9780640
104/03/19,1499973,10.50,10.60,10.45,10.50,0.05,363,15782963
104/03/20,1088396,10.55,10.55,10.40,10.50,,262,11394505
104/03/23,2053519,10.50,10.65,10.45,10.45,-0.05,437,21666717
104/03/24,955421,10.50,10.50,10.40,10.40,-0.05,217,9973675
104/03/25,982922,10.40,10.50,10.30,10.30,-0.10,260,10197149
104/03/26,776552,10.20,10.35,10.20,10.30,,286,7962628
104/03/27,617129,10.30,10.40,10.25,10.25,-0.05,257,6351520
104/03/30,792148,10.25,10.35,10.15,10.20,-0.05,269,8107001
104/03/31,1127425,10.20,10.25,10.10,10.10,-0.10,1253,11447654
104/04/01,666888,10.10,10.15,10.05,10.10,,544,6740880
104/04/02,402072,10.15,10.25,10.10,10.15,0.05,489,4093732
104/04/07,469516,10.20,10.25,10.10,10.20,0.05,811,4771981
104/04/08,1052893,10.20,10.20,10.05,10.10,-0.10,482,10635541
104/04/09,1564790,10.05,10.10,9.97,9.98,-0.12,695,15664560
104/04/10,1040190,9.98,10.15,9.97,10.00,0.02,352,10427075
104/04/13,618129,10.15,10.15,10.00,10.00,,572,6198904
104/04/14,282170,10.05,10.10,10.00,10.05,0.05,329,2837300
104/04/15,667799,10.05,10.15,10.00,10.00,-0.05,535,6702708
104/04/16,924267,10.00,10.05,9.98,10.00,,364,9244228
104/04/17,706389,10.00,10.00,9.91,9.91,-0.09,313,7042000
104/04/20,1070070,9.89,9.89,9.67,9.67,-0.24,454,10421200
104/04/21,1615478,9.70,9.75,9.28,9.30,-0.37,490,15381367
104/04/22,838535,9.30,9.49,9.30,9.46,0.16,299,7877444
104/04/23,1019665,9.46,9.57,9.42,9.50,0.04,378,9693403
104/04/24,830784,9.50,9.78,9.50,9.70,0.20,389,8046516
104/04/27,782488,9.70,9.77,9.60,9.61,-0.09,314,7555464
104/04/28,308829,9.61,9.73,9.61,9.64,0.03,172,2987346
104/04/29,1719810,9.40,9.45,9.26,9.38,-0.26,512,16115395
104/04/30,582134,9.38,9.47,9.34,9.45,0.07,272,5468483
104/05/04,338500,9.45,9.49,9.36,9.37,-0.08,114,3185817
104/05/05,360704,9.30,9.37,9.27,9.35,-0.02,172,3361766
104/05/06,429479,9.33,9.41,9.22,9.40,0.05,226,4015990
104/05/07,287925,9.39,9.40,9.34,9.35,-0.05,145,2697810
104/05/08,378326,9.30,9.43,9.29,9.35,,137,3533108
104/05/11,915141,9.32,9.43,9.01,9.01,-0.34,341,8393779
104/05/12,717434,9.01,9.10,8.82,9.00,-0.01,311,6421607
104/05/13,635314,9.00,9.01,8.91,8.98,-0.02,217,5691710
104/05/14,362403,8.98,8.99,8.93,8.94,-0.04,166,3241976
104/05/15,1238420,8.98,8.98,8.68,8.72,-0.22,421,10840637
104/05/18,1862704,8.70,8.70,8.39,8.43,-0.29,456,15826300
104/05/19,669235,8.50,8.55,8.41,8.51,0.08,277,5680617
104/05/20,417604,8.50,8.59,8.45,8.50,-0.01,258,3551104
104/05/21,621874,8.43,8.49,8.31,8.40,-0.10,212,5204531
104/05/22,666119,8.40,8.50,8.35,8.45,0.05,206,5609204
104/05/25,640268,8.45,8.50,8.40,8.47,0.02,160,5417057
104/05/26,190467,8.48,8.51,8.39,8.50,0.03,101,1609102
104/05/27,342700,8.37,8.55,8.37,8.55,0.05,109,2917735
104/05/28,596218,8.57,8.65,8.55,8.61,0.06,192,5115376
104/05/29,346732,8.50,8.69,8.50,8.63,0.02,111,2987089
104/06/01,411368,8.65,8.75,8.60,8.75,0.12,145,3560149
104/06/02,260930,8.76,8.82,8.71,8.75,,95,2288573
104/06/03,617017,8.87,8.87,8.60,8.74,-0.01,261,5352814
104/06/04,660300,8.74,8.74,8.41,8.73,-0.01,280,5665970
104/06/05,766779,8.67,8.67,8.35,8.40,-0.33,303,6482122
104/06/08,938216,8.40,8.40,8.15,8.25,-0.15,276,7720669
104/06/09,2730880,8.20,8.20,7.43,7.60,-0.65,686,21131981
104/06/10,850861,7.60,7.78,7.53,7.77,0.17,231,6531103
104/06/11,677703,7.73,7.75,7.51,7.61,-0.16,244,5130414
104/06/12,612078,7.54,7.61,7.49,7.59,-0.02,251,4609458
104/06/15,287148,7.59,7.59,7.53,7.59,,113,2171002
104/06/16,807067,7.61,7.61,7.22,7.42,-0.17,226,5948676
104/06/17,789135,7.35,7.42,7.29,7.40,-0.02,360,5799110
104/06/18,573808,7.35,7.58,7.35,7.57,0.17,215,4314314
104/06/22,549346,7.60,7.69,7.58,7.65,0.08,182,4188181
104/06/23,449149,7.66,7.78,7.66,7.74,0.09,159,3473445
104/06/24,448003,7.74,7.82,7.71,7.80,0.06,196,3478618
104/06/25,677855,7.80,7.86,7.72,7.85,0.05,248,5280606
104/06/26,441169,7.87,7.87,7.72,7.82,-0.03,188,3435872
104/06/29,444001,7.78,7.78,7.51,7.52,-0.30,174,3372457
104/06/30,977353,8.14,8.14,7.90,7.93,0.41,357,7831757
104/07/01,359000,7.93,7.97,7.83,7.93,,104,2844930
104/07/02,438929,7.88,7.99,7.84,7.84,-0.09,209,3461291
104/07/03,313477,7.85,7.87,7.75,7.85,0.01,179,2445221
104/07/06,205515,7.80,7.99,7.73,7.73,-0.12,90,1599779
104/07/07,191943,7.78,7.83,7.74,7.75,0.02,67,1492509
104/07/08,896829,7.75,7.75,7.20,7.40,-0.35,228,6639565
104/07/09,524300,7.21,7.40,7.05,7.40,,193,3798299
104/07/13,396330,7.39,7.45,7.33,7.44,0.04,119,2925603
104/07/14,360561,7.59,7.59,7.39,7.49,0.05,164,2688871
104/07/15,253691,7.39,7.50,7.33,7.35,-0.14,129,1869442
104/07/16,325216,7.35,7.39,7.30,7.39,0.04,117,2381002
104/07/17,209750,7.33,7.45,7.33,7.35,-0.04,108,1549270
104/07/20,194313,7.32,7.47,7.26,7.35,,80,1417187
104/07/21,733185,7.32,7.32,7.16,7.24,-0.11,191,5292659
104/07/22,639653,7.22,7.22,7.04,7.05,-0.19,187,4529901
104/07/23,1201536,7.02,7.08,6.75,6.81,-0.24,360,8282120
104/07/24,927943,6.56,6.89,6.56,6.61,-0.20,259,6202538
104/07/27,1369796,6.61,6.65,6.06,6.06,-0.55,355,8823963
104/07/28,793826,6.01,6.34,6.01,6.34,0.28,264,4903379
104/07/29,672898,6.56,6.60,6.41,6.50,0.16,201,4386639
104/07/30,228370,6.50,6.69,6.48,6.60,0.10,92,1504130
104/07/31,349633,6.60,6.70,6.53,6.55,-0.05,187,2306894
104/08/03,317619,6.70,6.70,6.45,6.50,-0.05,131,2068761
104/08/04,617426,6.51,6.62,6.14,6.21,-0.29,171,3961644
104/08/05,444886,6.23,6.55,6.23,6.54,0.33,192,2839548
104/08/06,281912,6.61,6.61,6.39,6.55,0.01,146,1822178
104/08/07,466342,6.54,6.60,6.40,6.58,0.03,119,3032628
104/08/10,210133,6.45,6.66,6.45,6.66,0.08,104,1384649
104/08/11,236001,6.78,6.78,6.60,6.62,-0.04,147,1575776
104/08/12,332504,6.62,6.66,6.47,6.54,-0.08,163,2172221
104/08/13,306797,6.61,6.61,6.55,6.57,0.03,110,2012952
104/08/14,268916,6.57,6.60,6.53,6.60,0.03,85,1771204
104/08/17,259347,6.62,6.62,6.50,6.58,-0.02,97,1699184
104/08/18,128226,6.57,6.62,6.52,6.57,-0.01,75,842029
104/08/19,906000,6.55,6.60,6.22,6.38,-0.19,279,5815270
104/08/20,345026,6.22,6.38,6.22,6.25,-0.13,152,2162792
104/08/21,1243572,6.18,6.18,5.91,5.97,-0.28,423,7502824
104/08/24,2079200,5.50,5.70,5.38,5.38,-0.59,462,11283633
104/08/25,2062448,4.95,5.36,4.95,5.25,-0.13,453,10572305
104/08/26,1619523,5.23,5.50,5.09,5.50,0.25,352,8461137
104/08/27,930001,5.50,5.81,5.50,5.68,0.18,281,5304236
104/08/28,879185,5.80,5.98,5.79,5.98,0.30,258,5188526
104/08/31,363176,5.98,6.06,5.92,6.06,0.08,162,2178672
104/09/01,739234,6.03,6.20,5.95,6.08,0.02,258,4486244
104/09/02,514082,5.95,6.14,5.95,6.08,,162,3114603
104/09/03,705082,6.10,6.21,6.03,6.20,0.12,229,4339573
104/09/04,637001,6.20,6.23,6.14,6.17,-0.03,178,3935746
104/09/07,427399,6.13,6.20,6.06,6.20,0.03,123,2631813
104/09/08,333458,6.19,6.19,6.11,6.18,-0.02,98,2052693
104/09/09,1387278,6.23,6.46,6.23,6.44,0.26,312,8743546
104/09/10,241001,6.40,6.48,6.34,6.45,0.01,101,1549646
104/09/11,500091,6.37,6.48,6.37,6.44,-0.01,146,3210571
104/09/14,2748475,6.44,7.08,6.42,7.08,0.64,782,18614541
104/09/15,2273307,7.30,7.30,7.00,7.01,-0.07,690,16211889
104/09/16,1338186,7.07,7.20,7.02,7.02,0.01,368,9521722
104/09/17,1092929,7.19,7.19,6.98,7.00,-0.02,301,7670793
104/09/18,924956,7.00,7.00,6.90,6.90,-0.10,299,6421134
104/09/21,627740,6.85,6.85,6.67,6.70,-0.20,222,4222391
104/09/22,1401537,6.73,7.10,6.73,7.00,0.30,308,9687546
104/09/23,1389530,6.95,7.05,6.76,6.80,-0.20,293,9648385
104/09/24,725354,6.84,6.85,6.67,6.68,-0.12,175,4879412
104/09/25,373693,6.60,6.73,6.60,6.65,-0.03,117,2483530
104/09/30,238638,6.60,6.71,6.54,6.71,0.06,97,1585405
104/10/01,509463,6.75,6.88,6.66,6.77,0.06,171,3468977
104/10/02,824362,6.87,7.00,6.84,6.88,0.11,253,5699445
104/10/05,462366,7.00,7.01,6.93,6.98,0.10,191,3225011
104/10/06,442301,7.01,7.05,6.92,6.96,-0.02,131,3087334
104/10/07,682958,6.96,7.03,6.91,6.99,0.03,213,4778624
104/10/08,334246,7.03,7.16,6.94,6.96,-0.03,133,2340134
104/10/12,902616,7.03,7.10,6.89,6.98,0.02,250,6323265
104/10/13,665883,6.97,6.97,6.91,6.96,-0.02,189,4621680
104/10/14,436020,6.96,7.01,6.91,6.98,0.02,158,3033230
104/10/15,650748,6.92,7.05,6.92,6.97,-0.01,191,4546234
104/10/16,411766,7.05,7.05,6.97,7.00,0.03,141,2884310
104/10/19,967266,7.00,7.18,7.00,7.15,0.15,339,6868170
104/10/20,1982323,7.22,7.33,7.09,7.09,-0.06,471,14245358
104/10/21,1000625,7.02,7.20,7.02,7.12,0.03,205,7091293
104/10/22,567269,7.09,7.22,7.08,7.14,0.02,178,4051379
104/10/23,1304694,7.22,7.27,7.14,7.15,0.01,276,9362023
104/10/26,3123481,7.23,7.74,7.23,7.66,0.51,925,23426285
104/10/27,4409448,7.65,7.96,7.44,7.87,0.21,1381,34350394
104/10/28,2121817,7.77,7.84,7.60,7.64,-0.23,562,16331807
104/10/29,1024331,7.88,7.88,7.47,7.48,-0.16,370,7793037
104/10/30,710620,7.48,7.48,7.26,7.28,-0.20,250,5210408
104/11/02,335123,7.28,7.37,7.21,7.37,0.09,151,2442083
104/11/03,452235,7.30,7.45,7.30,7.34,-0.03,174,3339284
104/11/04,940951,7.44,7.44,7.33,7.37,0.03,300,6927918
104/11/05,353485,7.40,7.47,7.37,7.41,0.04,106,2614426
104/11/06,1201460,7.46,7.46,7.21,7.25,-0.16,268,8793033
104/11/09,528673,7.40,7.40,7.07,7.07,-0.18,211,3775654
104/11/10,434226,7.02,7.12,7.00,7.02,-0.05,114,3055383
104/11/11,691220,7.05,7.05,6.93,6.93,-0.09,166,4827826
104/11/12,569989,6.95,7.10,6.84,6.93,,207,3943833
104/11/13,458403,6.92,6.93,6.78,6.83,-0.10,116,3134248
104/11/16,327847,6.70,6.80,6.68,6.68,-0.15,147,2201675
104/11/17,319720,6.74,6.85,6.74,6.76,0.08,129,2179399
104/11/18,340346,6.80,6.86,6.70,6.70,-0.06,127,2306455
104/11/19,387918,6.76,6.96,6.72,6.73,0.03,158,2636623
104/11/20,128001,6.83,6.83,6.75,6.80,0.07,48,869136
104/11/23,599844,6.83,6.83,6.73,6.73,-0.07,139,4051249
104/11/24,250033,6.73,6.80,6.73,6.74,0.01,93,1686512
104/11/25,849285,6.65,6.66,6.48,6.60,-0.14,179,5592331
104/11/26,373063,6.60,6.70,6.54,6.60,,102,2465533
104/11/27,229256,6.60,6.70,6.60,6.69,0.09,83,1522976
104/11/30,131478,6.68,6.68,6.52,6.55,-0.14,75,866876
104/12/01,218637,6.55,6.69,6.55,6.66,0.11,93,1453743
104/12/02,429999,6.71,6.90,6.71,6.80,0.14,202,2928716
104/12/03,567154,6.81,6.98,6.81,6.87,0.07,216,3896850
104/12/04,1040097,6.87,7.31,6.78,7.30,0.43,337,7350828
104/12/07,5248636,7.45,7.72,7.36,7.36,0.06,1390,39857928
104/12/08,983652,7.36,7.36,7.15,7.24,-0.12,349,7098059
104/12/09,837023,7.23,7.29,7.02,7.02,-0.22,291,5939050
104/12/10,472554,7.02,7.10,6.87,7.03,0.01,216,3292517
104/12/11,413184,7.03,7.03,6.90,6.95,-0.08,181,2876522
104/12/14,629160,6.85,6.92,6.62,6.78,-0.17,196,4263239
104/12/15,378957,6.92,6.94,6.82,6.93,0.15,142,2601785
104/12/16,292288,6.93,7.00,6.90,6.97,0.04,118,2028005
104/12/17,443509,7.05,7.09,6.95,7.09,0.12,182,3118710
104/12/18,510601,7.00,7.05,6.65,6.65,-0.44,210,3501162
104/12/21,609869,6.74,7.05,6.74,7.00,0.35,258,4250723
104/12/22,211530,7.07,7.07,6.96,7.04,0.04,86,1482287
104/12/23,643602,7.00,7.25,7.00,7.13,0.09,250,4610233
104/12/24,258598,7.14,7.24,7.05,7.10,-0.03,107,1836850
104/12/25,191169,7.09,7.23,7.09,7.11,0.01,84,1364899
104/12/28,241425,7.13,7.19,7.00,7.10,-0.01,105,1702315
104/12/29,1102988,7.05,7.35,6.99,7.11,0.01,400,7950962
104/12/30,401102,7.20,7.22,7.07,7.10,-0.01,152,2859664
104/12/31,278812,7.06,7.16,7.06,7.15,0.05,108,1979592
105/01/04,550665,7.20,7.20,6.91,7.12,-0.03,196,3887108
105/01/05,1128256,7.18,7.24,7.11,7.11,-0.01,369,8086726
105/01/06,863405,7.10,7.18,6.88,6.90,-0.21,313,6009539
105/01/07,623470,6.98,6.98,6.62,6.72,-0.18,245,4189721
105/01/08,434021,6.51,6.79,6.51,6.73,0.01,172,2906451
105/01/11,442350,6.72,6.72,6.57,6.60,-0.13,169,2926776
105/01/12,315110,6.70,6.70,6.54,6.54,-0.06,158,2082125
105/01/13,378040,6.58,6.70,6.54,6.64,0.10,172,2506377
105/01/14,371185,6.55,6.55,6.48,6.50,-0.14,226,2412388
105/01/15,415347,6.51,6.59,6.40,6.47,-0.03,205,2699676
105/01/18,423435,6.30,6.64,6.30,6.62,0.15,150,2756399
105/01/19,345699,6.62,6.65,6.56,6.63,0.01,139,2283728
105/01/20,286200,6.63,6.63,6.51,6.51,-0.12,103,1884412
105/01/21,415474,6.52,6.69,6.48,6.49,-0.02,158,2706279
105/01/22,285881,6.57,6.57,6.51,6.56,0.07,96,1870411
105/01/25,185406,6.60,6.64,6.55,6.62,0.06,108,1224066
105/01/26,264304,6.60,6.65,6.51,6.65,0.03,119,1736518
105/01/27,258809,6.64,6.65,6.56,6.56,-0.09,111,1711403
105/01/28,244962,6.60,6.66,6.55,6.66,0.10,117,1622884
105/01/29,291035,6.60,6.80,6.57,6.61,-0.05,123,1929350
105/01/30,374808,6.79,6.84,6.72,6.80,0.19,99,2547922
105/02/01,427511,6.73,6.87,6.73,6.83,0.03,121,2909723
105/02/02,325673,6.80,6.90,6.74,6.83,,98,2226134
105/02/03,444005,6.82,6.89,6.75,6.83,,178,3025980
105/02/15,239406,6.81,6.94,6.81,6.90,0.07,83,1640802
105/02/16,501520,6.96,7.05,6.92,7.03,0.13,188,3504200
105/02/17,356205,7.08,7.15,7.00,7.06,0.03,176,2515254
105/02/18,417531,7.10,7.13,7.04,7.08,0.02,169,2951909
105/02/19,305495,7.08,7.10,7.00,7.08,,183,2155936
105/02/22,401076,7.02,7.13,7.00,7.06,-0.02,148,2831722
105/02/23,355188,7.03,7.14,7.03,7.09,0.03,142,2520695
105/02/24,409670,7.12,7.12,7.02,7.05,-0.04,207,2887940
105/02/25,1101174,7.15,7.18,7.08,7.08,0.03,358,7848183
105/02/26,1356203,7.10,7.25,7.10,7.16,0.08,392,9715365
105/03/01,857719,7.15,7.25,7.05,7.18,0.02,254,6158117
105/03/02,670958,7.21,7.25,7.14,7.19,0.01,190,4822923
105/03/03,644715,7.25,7.27,7.17,7.18,-0.01,240,4647597
105/03/04,626692,7.20,7.29,7.20,7.22,0.04,244,4535963
105/03/07,698071,7.30,7.38,7.25,7.27,0.05,215,5090700
105/03/08,635698,7.33,7.34,7.24,7.27,,277,4630504
105/03/09,720599,7.25,7.30,7.20,7.21,-0.06,208,5211561
105/03/10,2291480,7.20,7.53,7.20,7.50,0.29,671,17017296
105/03/11,3194626,7.59,7.79,7.59,7.77,0.27,666,24604893
105/03/14,4694992,7.80,8.21,7.78,8.18,0.41,997,37540635
105/03/15,4681720,8.28,8.28,7.85,7.87,-0.31,874,38122484
105/03/16,967522,7.87,7.92,7.81,7.91,0.04,333,7598182
105/03/17,1253068,8.00,8.04,7.68,7.72,-0.19,286,9810897
105/03/18,993374,7.75,7.75,7.38,7.38,-0.34,318,7504916
105/03/21,449072,7.36,7.55,7.36,7.50,0.12,176,3344233
105/03/22,503480,7.55,7.57,7.42,7.43,-0.07,168,3764122
105/03/23,506753,7.42,7.50,7.31,7.31,-0.12,171,3737426
105/03/24,642559,7.22,7.28,7.15,7.19,-0.12,234,4629639
105/03/25,336870,7.14,7.29,7.14,7.19,,110,2421719
105/03/28,599673,7.27,7.27,7.14,7.19,,141,4294637
105/03/29,461395,7.17,7.17,7.07,7.10,-0.09,179,3274565
105/03/30,888845,7.08,7.54,7.08,7.45,0.35,275,6564630
105/03/31,245764,7.45,7.45,7.32,7.40,-0.05,113,1819676
105/04/01,281369,7.47,7.47,7.31,7.42,0.02,111,2073085
105/04/06,395429,7.35,7.42,7.27,7.34,-0.08,159,2893410
105/04/07,376662,7.04,7.25,7.04,7.24,-0.10,135,2698943
105/04/08,148052,7.20,7.24,7.15,7.23,-0.01,85,1067336
105/04/11,342908,7.33,7.33,7.13,7.28,0.05,136,2476271
105/04/12,254515,7.32,7.32,7.11,7.20,-0.08,123,1827820
105/04/13,294629,7.20,7.26,7.10,7.11,-0.09,148,2107913
105/04/14,763357,7.17,7.26,7.13,7.13,0.02,227,5472797
105/04/15,324850,7.15,7.19,7.11,7.11,-0.02,113,2317742
105/04/18,117547,7.11,7.18,7.11,7.12,0.01,69,838019
105/04/19,155003,7.16,7.22,7.13,7.18,0.06,66,1111341
105/04/20,267015,7.14,7.18,7.05,7.11,-0.07,101,1896634
105/04/21,145752,7.10,7.11,7.05,7.11,,65,1032463
105/04/22,269297,7.06,7.09,6.98,7.04,-0.07,98,1892036
105/04/25,167023,7.02,7.02,6.94,6.96,-0.08,94,1164661
105/04/26,324592,6.96,6.99,6.88,6.96,,79,2244247
105/04/27,191003,6.90,6.96,6.89,6.96,,44,1320388
105/04/28,2250848,7.17,7.59,7.15,7.36,0.40,753,16594147
105/04/29,943455,7.34,7.42,7.30,7.31,-0.05,328,6934090
105/05/03,508404,7.31,7.33,7.23,7.23,-0.08,100,3693992
105/05/04,336501,7.18,7.26,7.15,7.15,-0.08,104,2419591
105/05/05,330735,7.04,7.16,7.01,7.16,0.01,112,2336765
105/05/06,778557,7.15,7.21,7.01,7.19,0.03,176,5551953
105/05/09,517933,7.10,7.21,7.10,7.18,-0.01,105,3704324
105/05/10,295000,7.06,7.26,7.06,7.20,0.02,74,2117290
105/05/11,204737,7.25,7.25,7.10,7.16,-0.04,85,1464405
105/05/12,266036,7.16,7.20,7.05,7.05,-0.11,74,1889792
105/05/13,787910,7.16,7.16,6.85,7.06,0.01,151,5502300
105/05/16,131613,7.06,7.06,6.90,7.05,-0.01,59,922471
105/05/17,271593,7.06,7.13,6.95,7.13,0.08,85,1921016
105/05/18,124369,7.06,7.14,7.02,7.11,-0.02,61,882237
105/05/19,142505,7.10,7.10,7.02,7.09,-0.02,59,1007165
105/05/20,306000,7.16,7.20,6.92,7.17,0.08,129,2182429
105/05/23,583540,7.06,7.49,7.06,7.30,0.13,239,4271943
105/05/24,404158,7.30,7.32,7.20,7.25,-0.05,194,2946625
105/05/25,842489,7.29,7.52,7.29,7.40,0.15,262,6251844
105/05/26,2038738,7.43,7.80,7.43,7.74,0.34,652,15637307
105/05/27,934307,7.98,7.98,7.65,7.75,0.01,365,7278630
105/05/30,291837,7.77,7.80,7.69,7.75,,129,2254188
105/05/31,265211,7.62,7.76,7.62,7.68,-0.07,119,2037842
105/06/01,736489,7.68,7.84,7.68,7.75,0.07,191,5743036
105/06/02,378111,7.77,7.80,7.60,7.65,-0.10,145,2910368
105/06/03,519002,7.72,7.82,7.52,7.53,-0.12,178,3967911
105/06/04,111986,7.45,7.60,7.45,7.58,0.05,58,845223
105/06/06,173730,7.51,7.63,7.46,7.55,-0.03,83,1308413
105/06/07,340581,7.63,7.68,7.51,7.56,0.01,104,2587696
105/06/08,430420,7.58,7.64,7.55,7.58,0.02,154,3270292
105/06/13,251577,7.52,7.60,7.46,7.47,-0.11,85,1891240
105/06/14,342683,7.52,7.56,7.43,7.56,0.09,110,2567417
105/06/15,397724,7.60,7.66,7.51,7.62,0.06,122,3019040
105/06/16,602306,7.66,7.75,7.61,7.61,-0.01,182,4593674
105/06/17,2132173,7.65,7.87,7.65,7.80,0.19,582,16546909
105/06/20,780020,7.81,7.85,7.77,7.77,-0.03,274,6078339
105/06/21,507800,7.77,7.81,7.76,7.78,0.01,151,3953634
105/06/22,269804,7.77,7.79,7.75,7.78,,116,2096641
105/06/23,356213,7.75,7.78,7.70,7.70,-0.08,115,2754607
105/06/24,803068,7.70,7.70,7.35,7.37,-0.33,237,6028523
105/06/27,631677,7.33,7.55,7.25,7.51,0.14,208,4708445
105/06/28,170500,7.55,7.55,7.43,7.48,-0.03,84,1276198
105/06/29,329553,7.50,7.55,7.46,7.48,,105,2471508
105/06/30,410017,7.57,7.59,7.48,7.59,0.11,100,3083504
105/07/01,339941,7.56,7.65,7.54,7.61,0.02,95,2574876
105/07/04,197500,7.55,7.69,7.55,7.63,0.02,84,1500047
105/07/05,143049,7.56,7.61,7.53,7.54,-0.09,66,1080796
105/07/06,442834,7.54,7.60,7.45,7.47,-0.07,122,3325191
105/07/07,158851,7.49,7.61,7.47,7.47,,76,1193371
105/07/11,394456,7.69,7.69,7.52,7.55,0.08,111,2985794
105/07/12,348879,7.57,7.62,7.53,7.61,0.06,128,2645458
105/07/13,1083006,7.61,7.84,7.58,7.81,0.20,312,8356713
105/07/14,1242936,7.85,7.97,7.82,7.89,0.08,399,9811383
105/07/15,1406464,7.89,8.04,7.86,7.99,0.10,438,11213650
105/07/18,755871,7.96,8.03,7.91,8.01,0.02,236,6046454
105/07/19,1065339,8.03,8.15,7.98,8.01,,288,8566312
105/07/20,832613,7.95,8.01,7.85,7.88,-0.13,288,6584044
105/07/21,966959,7.90,8.08,7.90,8.05,0.17,335,7763432
105/07/22,1101833,8.01,8.14,8.01,8.03,-0.02,352,8919714
105/07/25,1903460,8.05,8.37,8.05,8.20,0.17,435,15624394
105/07/26,743200,8.30,8.30,8.13,8.19,-0.01,188,6085348
105/07/27,1027369,8.20,8.28,8.16,8.18,-0.01,276,8418486
105/07/28,2661808,8.20,8.42,8.11,8.33,0.15,779,22159580
105/07/29,2326512,8.35,8.62,8.30,8.50,0.17,687,19745488
105/08/01,1825592,8.54,8.85,8.54,8.80,0.30,593,15931284
105/08/02,1379272,8.87,8.87,8.67,8.81,0.01,415,12105414
105/08/03,2850863,9.00,9.15,8.89,9.02,0.21,1019,25717389
105/08/04,1452038,9.09,9.10,8.89,9.01,-0.01,490,13078964
105/08/05,1177184,9.01,9.01,8.89,8.90,-0.11,384,10529323
105/08/08,1242386,9.00,9.06,8.98,9.03,0.13,380,11211611
105/08/09,996563,9.03,9.08,8.80,8.85,-0.18,422,8873030
105/08/10,2209948,8.75,8.83,8.52,8.55,-0.30,545,19072702
105/08/11,1808396,8.70,8.95,8.69,8.71,0.16,619,15882670
105/08/12,918189,8.75,8.80,8.56,8.66,-0.05,326,7937224
105/08/15,2388244,8.76,9.02,8.71,8.98,0.32,773,21314458
105/08/16,873068,8.98,8.99,8.84,8.89,-0.09,304,7766987
105/08/17,645709,8.90,8.91,8.76,8.91,0.02,354,5689201
105/08/18,586950,8.90,8.92,8.82,8.87,-0.04,188,5196215
105/08/19,432318,8.87,8.87,8.76,8.76,-0.11,210,3809842
105/08/22,911001,8.65,8.70,8.55,8.59,-0.17,366,7827839
105/08/23,1608443,8.59,8.91,8.56,8.90,0.31,571,14132295
105/08/24,734562,8.92,8.92,8.81,8.82,-0.08,279,6494324
105/08/25,626738,8.82,8.85,8.76,8.82,,253,5521148
105/08/26,3330172,8.83,9.14,8.78,8.99,0.17,1077,30013298
105/08/29,921070,8.99,9.03,8.84,9.00,0.01,461,8266585
105/08/30,8773347,9.19,9.88,9.19,9.62,0.62,2547,83692914
105/08/31,4688538,9.55,9.81,9.50,9.62,,1657,45337135
105/09/01,1860758,9.62,9.62,9.42,9.42,-0.20,573,17704393
105/09/02,1987955,9.58,9.60,9.24,9.24,-0.18,618,18682361
105/09/05,1718607,9.36,9.49,9.25,9.31,0.07,428,16034140
105/09/06,5619521,9.58,9.88,9.58,9.79,0.48,1642,54683521
105/09/07,14169614,9.93,10.45,9.93,10.30,0.51,3210,145104212
105/09/08,8180492,10.55,10.70,10.30,10.35,0.05,2082,85934532
105/09/09,3767389,10.25,10.40,10.15,10.30,-0.05,944,38757763
105/09/10,3272509,10.05,10.15,9.95,10.10,-0.20,733,32840570
105/09/12,1908673,10.00,10.25,9.99,10.00,-0.10,511,19232260
105/09/13,2833966,10.20,10.20,9.73,9.74,-0.26,862,27973637
105/09/14,1597000,9.75,9.94,9.73,9.88,0.14,450,15671918
105/09/19,1988250,9.91,9.91,9.70,9.82,-0.06,493,19475708
105/09/20,3868648,9.85,10.25,9.82,10.15,0.33,1316,38933822
105/09/21,3107115,10.25,10.30,10.00,10.00,-0.15,1035,31545800
105/09/22,1975323,10.00,10.25,10.00,10.00,,604,19908325
105/09/23,2108802,10.05,10.10,9.96,10.00,,623,21154135
105/09/26,2506945,10.00,10.25,10.00,10.05,0.05,739,25451450
105/09/29,1398422,10.05,10.10,9.96,10.00,-0.05,516,13980000
105/09/30,1015507,10.00,10.00,9.81,9.94,-0.06,324,10072627
105/10/03,703097,9.94,9.94,9.85,9.92,-0.02,247,6955491
105/10/04,3993448,9.98,10.30,9.88,10.10,0.18,1156,40517630
105/10/05,1145240,10.15,10.15,9.99,10.00,-0.10,378,11513262
105/10/06,5499043,10.15,10.45,10.10,10.10,0.10,1503,56667479
105/10/07,2092685,10.10,10.15,9.96,10.05,-0.05,615,20990960
105/10/11,4438885,10.15,10.35,9.97,10.15,0.10,1207,44882366
105/10/12,16256570,10.40,11.05,10.35,10.80,0.65,4744,174669838
105/10/13,4503978,10.80,10.80,10.50,10.70,-0.10,1493,48005212
105/10/14,4237198,10.65,10.75,10.35,10.35,-0.35,1260,44411285
105/10/17,5522633,10.35,10.60,9.98,10.60,0.25,1639,56931670
105/10/18,3119806,10.60,10.85,10.40,10.70,0.10,1131,33217142
105/10/19,1834210,10.70,10.80,10.60,10.60,-0.10,544,19555524
105/10/20,3202606,10.55,10.90,10.55,10.60,,918,34387839
105/10/21,9240976,10.70,11.10,10.70,10.85,0.25,2349,101306082
105/10/24,6739140,11.00,11.30,10.95,11.00,0.15,1862,74953627
105/10/25,3207339,11.05,11.15,10.85,10.85,-0.15,832,35224856
105/10/26,2741151,10.85,11.00,10.75,10.75,-0.10,698,29812511
105/10/27,10596149,11.15,11.40,10.95,10.95,0.20,2543,118320220
105/10/28,2546691,10.95,11.00,10.70,10.85,-0.10,820,27579459
105/10/31,1411611,10.90,10.95,10.70,10.90,0.05,507,15317504
105/11/01,3331034,10.90,11.05,10.75,10.90,,876,36455314
105/11/02,2720600,11.00,11.00,10.65,10.75,-0.15,978,29295617
105/11/03,2757572,10.70,10.80,10.35,10.55,-0.20,1116,29099804
105/11/04,2069828,10.55,10.75,10.50,10.50,-0.05,548,21988341
105/11/07,3040116,10.65,10.95,10.60,10.90,0.40,985,32869104
105/11/08,2054200,10.95,10.95,10.75,10.90,,604,22279926
105/11/09,4127085,10.80,10.90,10.10,10.15,-0.75,1175,42800859
105/11/10,2057888,10.45,10.65,10.40,10.60,0.45,619,21654616
105/11/11,1982247,10.45,10.55,10.30,10.40,-0.20,554,20668978
105/11/14,2587312,10.45,10.65,10.25,10.65,0.25,645,27216502
105/11/15,1937550,10.65,10.70,10.50,10.65,,453,20566178
105/11/16,5335504,10.75,11.05,10.50,10.50,-0.15,1341,57790660
105/11/17,2242207,10.60,10.80,10.50,10.70,0.20,765,24000942
105/11/18,4660541,10.90,11.10,10.90,10.90,0.20,1609,51143312
105/11/21,19569834,11.05,11.70,11.05,11.55,0.65,3736,224879482
105/11/22,7838245,11.70,11.85,11.45,11.45,-0.10,1945,90894438
105/11/23,4646132,11.50,11.60,11.20,11.45,,1181,52925149
105/11/24,8216248,11.55,11.90,11.55,11.70,0.25,2033,96334765
105/11/25,2600073,11.65,11.70,11.50,11.60,-0.10,795,30141241
105/11/28,3268935,11.70,11.75,11.35,11.40,-0.20,1102,37711757
105/11/29,5203353,11.50,11.70,11.45,11.45,0.05,1269,60260036
105/11/30,8437579,11.65,11.90,11.65,11.85,0.40,2179,99714626
105/12/01,14065129,12.15,12.75,11.90,12.60,0.75,3639,172917798
105/12/02,24384987,12.70,13.80,12.60,13.45,0.85,6763,323309297
105/12/05,22784592,13.80,14.15,12.70,12.70,-0.75,6592,303674656
105/12/06,11965891,12.95,13.30,12.85,13.20,0.50,3786,156995406
105/12/07,7177410,13.40,13.50,12.85,13.00,-0.20,2161,93895598
105/12/08,8967086,13.15,13.20,12.35,12.40,-0.60,2585,113263507
105/12/09,4088430,12.60,12.80,12.40,12.50,0.10,1461,51503377
105/12/12,3255652,12.60,12.80,12.40,12.50,,1093,40919093
105/12/13,4122033,12.50,12.90,12.50,12.70,0.20,1260,52432820
105/12/14,3821709,12.80,12.85,12.40,12.50,-0.20,1169,47965362
105/12/15,3395822,12.50,12.80,12.40,12.75,0.25,1076,43030374
105/12/16,16302530,13.20,13.65,12.95,13.00,0.25,4957,217056890
105/12/19,4553663,13.10,13.10,12.55,12.60,-0.40,1593,58110364
105/12/20,2004862,12.80,12.80,12.65,12.65,0.05,600,25431401
105/12/21,4950260,12.80,13.20,12.65,12.95,0.30,1520,64180444
105/12/22,2953352,12.95,12.95,12.60,12.65,-0.30,982,37665031
105/12/23,1937819,12.75,12.75,12.60,12.65,,590,24519055
105/12/26,5034711,12.65,12.70,12.10,12.10,-0.55,1365,61963219
105/12/27,4045410,12.20,12.20,11.75,11.85,-0.25,1414,48202040
105/12/28,4886663,12.10,12.45,12.00,12.35,0.50,1608,59962196
105/12/29,1420637,12.30,12.40,12.20,12.30,-0.05,512,17450015
105/12/30,2261484,12.30,12.55,12.25,12.45,0.15,742,28026948
106/01/03,2721998,12.50,12.70,12.35,12.50,0.05,818,34200519
106/01/04,1192855,12.65,12.65,12.40,12.40,-0.10,497,14916696
106/01/05,3087835,12.45,12.60,12.40,12.50,0.10,1064,38689681
106/01/06,2747662,12.50,12.60,12.45,12.50,,873,34420820
106/01/09,2287327,12.60,12.70,12.35,12.50,,987,28622981
106/01/10,2988205,12.50,12.50,11.95,12.10,-0.40,1032,36455999
106/01/11,1991420,12.10,12.20,12.00,12.05,-0.05,650,24095908
106/01/12,1445088,12.15,12.25,12.10,12.20,0.15,530,17620159
106/01/13,1812960,12.15,12.40,12.00,12.20,,661,22169560
106/01/16,1924927,12.20,12.25,11.85,11.90,-0.30,614,23123322
106/01/17,2016205,11.90,12.20,11.85,11.90,,693,24241131
106/01/18,1892019,11.95,12.10,11.95,12.00,0.10,692,22751515
106/01/19,3426963,12.00,12.30,12.00,12.10,0.10,982,41717106
106/01/20,3649874,12.05,12.40,12.05,12.10,,872,44707819
106/01/23,2213055,12.10,12.35,12.05,12.05,-0.05,583,26868957
106/01/24,1099176,12.10,12.15,12.05,12.05,,324,13278012
106/02/02,2676792,12.10,12.20,12.00,12.20,0.15,913,32385857
106/02/03,13235054,12.25,13.20,12.20,12.95,0.75,3471,169205634
106/02/06,8475906,13.25,13.65,13.00,13.20,0.25,2524,112709357
106/02/07,3732696,13.20,13.20,12.90,13.00,-0.20,1188,48615013
106/02/08,2605040,13.00,13.20,12.90,13.10,0.10,890,33948070
106/02/09,2783963,13.20,13.20,12.80,12.80,-0.30,1039,36062157
106/02/10,2606255,12.65,12.95,12.55,12.55,-0.25,998,33065184
106/02/13,3639974,12.50,12.90,12.40,12.70,0.15,1050,46119199
106/02/14,7937106,12.80,13.10,12.75,12.90,0.20,1929,102779936
106/02/15,2173623,12.95,13.00,12.80,12.80,-0.10,925,27985281
106/02/16,1693237,12.95,12.95,12.60,12.65,-0.15,751,21513483
106/02/17,5798999,12.65,13.20,12.65,13.10,0.45,1464,75810437
106/02/18,8883659,13.55,13.75,13.05,13.20,0.10,2303,118219885
106/02/20,4507419,13.30,13.40,13.10,13.10,-0.10,1170,59727947
106/02/21,2152728,13.10,13.15,12.80,13.00,-0.10,604,27872256
106/02/22,2144133,13.10,13.15,12.95,12.95,-0.05,628,27916090
106/02/23,1832475,13.00,13.05,12.75,12.85,-0.10,541,23568915
106/02/24,1470022,12.85,12.95,12.75,12.90,0.05,438,18894155
106/03/01,1132117,13.00,13.00,12.70,12.80,-0.10,524,14540297
106/03/02,2389283,12.90,13.05,12.60,12.65,-0.15,673,30574518
106/03/03,1019282,12.65,12.75,12.50,12.65,,370,12860758
106/03/06,2120842,12.65,12.90,12.55,12.75,0.10,799,27109798
106/03/07,3397634,12.75,13.20,12.75,12.95,0.20,1076,44217692
106/03/08,2046926,13.00,13.15,12.90,13.00,0.05,729,26671238
106/03/09,1367418,13.05,13.10,12.85,12.90,-0.10,467,17743112
106/03/10,1749465,13.00,13.00,12.60,12.75,-0.15,528,22365516
106/03/13,1303669,12.90,12.95,12.70,12.85,0.10,486,16746492
106/03/14,1017663,12.75,12.90,12.75,12.90,0.05,361,13057341
106/03/15,5875874,12.90,13.30,12.85,13.05,0.15,1677,77308646
106/03/16,2991101,13.10,13.25,13.00,13.20,0.15,849,39251759
106/03/17,7227211,13.30,13.50,13.20,13.30,0.10,1863,96299568
106/03/20,2390091,13.30,13.30,13.00,13.00,-0.30,942,31329000
106/03/21,2030543,13.05,13.10,12.80,12.80,-0.20,784,26253426
106/03/22,2150091,12.70,13.10,12.70,13.05,0.25,669,27836899
106/03/23,2666047,13.05,13.25,13.00,13.10,0.05,902,35025811
106/03/24,13753675,13.20,13.95,13.05,13.50,0.40,4165,186853141
106/03/27,13739000,13.80,14.15,13.20,13.30,-0.20,4164,189647483
106/03/28,5409014,13.45,13.65,12.85,13.35,0.05,1686,71940614
106/03/29,2284393,13.45,13.60,13.35,13.55,0.20,823,30754657
106/03/30,4787199,13.50,13.95,13.25,13.90,0.35,1499,65166027
106/03/31,25656636,14.20,14.75,13.50,13.50,-0.40,6242,365326350
106/04/05,4872355,13.50,13.75,13.25,13.30,-0.20,1623,65449811
106/04/06,2130673,13.40,13.50,13.20,13.25,0.05,844,28396404
106/04/07,3891628,13.25,13.40,12.90,13.05,0.20,1502,50846314
106/04/10,1601506,13.10,13.20,13.00,13.10,0.05,681,20971197
106/04/11,3609042,13.00,13.15,12.70,12.70,0.40,944,46474301
106/04/12,4130224,12.70,12.80,12.20,12.25,0.45,1221,51175168
106/04/13,2326162,12.30,12.50,12.20,12.45,0.20,875,28715639
106/04/14,3445723,12.40,12.40,11.95,11.95,0.50,999,41610589
106/04/17,1930783,12.00,12.10,11.60,11.70,0.25,735,22702063
106/04/18,2299974,11.90,12.25,11.85,12.10,0.40,849,27855581
106/04/19,1554123,12.10,12.15,11.85,11.85,0.25,559,18657759
106/04/20,1080921,11.90,12.10,11.80,12.05,0.20,483,12921602
106/04/21,654366,12.15,12.25,12.10,12.10,0.05,345,7958859
106/04/24,1224849,12.25,12.25,12.00,12.10,,600,14834129
106/04/25,1124975,12.20,12.20,11.95,12.15,0.05,377,13590194
106/04/26,2418215,12.15,12.40,12.10,12.25,0.10,686,29781310
106/04/27,650801,12.35,12.35,12.20,12.25,,351,7999470
106/04/28,665212,12.35,12.35,12.25,12.25,,262,8185285
106/05/02,2108174,12.05,12.05,11.70,11.70,0.55,923,24923341
106/05/03,2063549,11.65,11.70,11.40,11.40,0.30,924,23689003
106/05/04,1266852,11.40,11.50,11.30,11.40,,571,14414722
106/05/05,3695030,11.40,11.75,11.40,11.55,0.15,1332,42955043
106/05/08,1957483,11.45,11.50,11.15,11.15,0.40,757,22017459
106/05/09,1803002,11.10,11.30,10.80,10.85,0.30,633,19860770
106/05/10,1502742,10.95,11.00,10.80,10.90,0.05,520,16376650
106/05/11,944991,10.95,11.25,10.95,11.25,0.35,460,10510697
106/05/12,959810,11.15,11.20,11.00,11.00,0.25,388,10642210
106/05/15,1076229,11.00,11.20,11.00,11.00,,306,11899054
106/05/16,530941,11.00,11.10,10.90,10.95,0.05,225,5837799
106/05/17,373074,10.95,11.00,10.85,10.90,0.05,197,4065006
106/05/18,290569,10.75,11.00,10.70,10.90,,132,3160902
106/05/19,448684,10.90,11.00,10.85,10.90,,204,4907570
106/05/22,1090870,10.85,11.00,10.75,10.80,0.10,307,11803150
106/05/23,823475,10.85,10.90,10.70,10.80,,250,8877079
106/05/24,4573907,10.80,11.15,10.75,10.95,0.15,942,50218428
106/05/25,937808,11.00,11.05,10.90,10.90,0.05,345,10296373
106/05/26,471597,10.95,10.95,10.85,10.85,0.05,168,5129495
106/05/31,675460,10.85,10.90,10.70,10.70,0.15,295,7271074
106/06/01,699559,10.70,10.85,10.70,10.80,0.10,276,7543428
106/06/02,5466293,10.90,11.75,10.85,11.60,0.80,1890,62254617
106/06/03,1548756,11.65,11.65,11.35,11.50,0.10,528,17797552
106/06/05,2040040,11.50,11.50,11.25,11.30,0.20,812,23170044
106/06/06,1056999,11.30,11.45,11.25,11.30,,511,11978087
106/06/07,952990,11.30,11.40,11.20,11.20,0.10,308,10735885
106/06/08,505793,11.25,11.35,11.20,11.25,0.05,294,5686726
106/06/09,797672,11.25,11.40,11.10,11.10,0.15,267,8936175
106/06/12,639330,11.05,11.20,10.95,11.00,0.10,206,7072080
106/06/13,833895,11.05,11.05,10.90,10.90,0.10,245,9120166
106/06/14,994053,11.00,11.00,10.75,10.80,0.10,267,10757517
106/06/15,2584908,10.85,11.10,10.75,10.90,0.10,591,28373353
106/06/16,797061,10.90,11.00,10.85,10.95,0.05,274,8705664
106/06/19,543406,10.90,11.00,10.85,10.90,0.05,179,5931268
106/06/20,778945,10.90,11.05,10.85,10.90,,271,8529204
106/06/21,770000,11.00,11.10,10.90,11.05,0.15,358,8471900
106/06/22,616501,11.05,11.15,11.05,11.05,,246,6839784
106/06/23,347501,11.05,11.10,10.95,11.00,0.05,155,3831257
106/06/26,509252,11.00,11.15,11.00,11.10,0.10,270,5636822
106/06/27,1171012,11.15,11.15,10.85,10.90,0.20,384,12818925
106/06/28,529033,10.95,10.95,10.80,10.85,0.05,183,5747852
106/06/29,3385830,10.95,11.35,10.90,11.15,0.30,1253,37961301
106/06/30,1084103,11.20,11.20,11.00,11.20,0.05,355,12058093
106/07/03,407501,11.15,11.20,11.10,11.10,0.10,162,4533161
106/07/04,669928,11.10,11.15,10.95,10.95,0.15,244,7388359
106/07/05,393999,10.95,11.00,10.90,10.95,,141,4318939
106/07/06,549266,10.95,11.00,10.90,10.95,,159,6015496
106/07/07,349036,10.95,11.00,10.90,10.90,0.05,110,3815839
106/07/10,382640,10.95,11.05,10.90,11.00,0.10,127,4196740
106/07/11,387681,11.00,11.05,10.95,11.00,,153,4259050
106/07/12,515240,11.00,11.00,10.85,10.90,0.10,193,5618314
106/07/13,718451,10.95,11.15,10.85,11.05,0.15,290,7928061
106/07/14,321497,11.05,11.10,11.00,11.05,,173,3557867
106/07/17,407744,11.10,11.10,10.95,10.95,0.10,147,4494858
106/07/18,451237,10.95,11.10,10.95,11.00,0.05,205,4972782
106/07/19,1304686,11.10,11.30,11.00,11.05,0.05,513,14569546
106/07/20,594405,11.15,11.15,10.95,10.95,0.10,288,6563381
106/07/21,352639,10.95,11.05,10.90,10.90,0.05,208,3859961
106/07/24,238429,10.95,10.95,10.85,10.90,,117,2598624
106/07/25,347804,10.90,10.95,10.85,10.95,0.05,206,3794403
106/07/26,751703,11.05,11.20,11.00,11.00,0.05,349,8329933
106/07/27,1361691,11.00,11.05,10.80,10.90,0.10,405,14833160
106/07/28,4095861,10.95,11.20,10.95,11.20,0.30,878,45560847
106/07/31,4872812,11.40,11.55,11.15,11.20,,1378,55391452
106/08/01,1964332,11.20,11.45,11.15,11.25,0.05,538,22232428
106/08/02,1802499,11.25,11.45,11.20,11.40,0.15,420,20447737
106/08/03,9895420,11.40,11.90,11.35,11.60,0.20,2739,115679766
106/08/04,2226947,11.60,11.75,11.40,11.60,,689,25703037
106/08/07,6687387,11.60,12.10,11.50,11.95,0.35,1833,79405245
106/08/08,2302146,11.85,11.95,11.60,11.75,0.20,837,27100952
106/08/09,1549352,11.80,11.80,11.50,11.50,0.25,499,17957996
106/08/10,1626250,11.50,11.80,11.30,11.30,0.20,525,18717074
106/08/11,4595030,11.25,11.65,11.25,11.65,0.35,981,53043046
106/08/14,4262035,11.65,11.65,11.25,11.30,0.35,930,49082835
106/08/15,3570642,11.00,11.20,10.90,11.15,X,835,39642323
106/08/16,3933108,11.15,11.50,11.10,11.35,0.20,957,44766666
106/08/17,1472180,11.35,11.55,11.35,11.45,0.10,551,16923726
106/08/18,1446969,11.40,11.60,11.35,11.55,0.10,616,16655193
106/08/21,1247457,11.45,11.60,11.45,11.50,0.05,463,14401208
106/08/22,2745002,11.60,11.85,11.60,11.70,0.20,760,32243923
106/08/23,3689180,11.85,12.15,11.80,11.85,0.15,1185,44142319
106/08/24,8255157,12.05,12.60,11.95,12.45,0.60,2670,102028480
106/08/25,8481022,12.60,13.10,12.55,12.70,0.25,2388,109405624
106/08/28,9988267,12.80,13.45,12.80,13.40,0.70,2704,131792439
106/08/29,5503338,13.50,13.70,13.15,13.35,0.05,1872,73662524
106/08/30,5922916,13.40,13.60,13.20,13.35,,1730,78979978
106/08/31,4713644,13.50,13.60,13.35,13.40,0.05,1358,63480742
106/09/01,4113995,13.60,13.60,13.40,13.45,0.05,1249,55416423
106/09/04,4030646,13.55,13.95,13.45,13.45,,1382,55085497
106/09/05,4207557,13.55,13.90,13.40,13.90,0.45,1415,57499473
106/09/06,3833438,13.90,13.95,13.35,13.50,0.40,1338,52305794
106/09/07,4197665,13.65,13.65,13.05,13.10,0.40,1334,55636671
106/09/08,3475277,13.30,13.55,13.20,13.40,0.30,1263,46502788
106/09/11,2436516,13.65,13.70,13.35,13.65,0.25,807,32975611
106/09/12,2371673,13.75,13.80,13.35,13.45,0.20,761,32073827
106/09/13,6577744,13.50,13.50,12.80,12.85,0.60,1853,85475416
106/09/14,5933213,13.00,13.40,12.90,13.30,0.45,1620,78580116
106/09/15,2349140,13.45,13.50,13.20,13.25,0.05,772,31280590
106/09/18,1618861,13.25,13.30,13.10,13.30,0.05,519,21371949
106/09/19,10891770,13.55,13.90,13.35,13.40,0.10,3307,148849363
106/09/20,2843061,13.30,13.45,12.95,13.05,0.35,1054,37445935
106/09/21,1574326,13.10,13.15,12.95,13.00,0.05,667,20551688
106/09/22,1762687,13.15,13.20,12.95,12.95,0.05,619,22952359
106/09/25,3881619,13.00,13.00,12.20,12.25,0.70,1135,48576347
106/09/26,3438032,12.15,12.60,12.15,12.45,0.20,1231,42632788
106/09/27,5348428,12.35,13.15,12.35,12.95,0.50,1818,68433667
106/09/28,1757648,12.90,12.95,12.55,12.70,0.25,632,22316778
106/09/29,2403716,12.65,12.65,12.15,12.45,0.25,719,29628211
106/09/30,5250461,12.90,13.20,12.80,12.80,0.35,1639,68033545
106/10/02,971745,12.80,12.90,12.70,12.75,0.05,417,12423347
106/10/03,1274018,12.85,12.95,12.75,12.80,0.05,435,16378627
106/10/05,771981,12.80,12.95,12.80,12.85,0.05,365,9942637
106/10/06,1161596,12.90,13.10,12.85,12.85,,408,15045975
106/10/11,1406612,12.90,12.95,12.55,12.55,0.30,520,17897608
106/10/12,1454839,12.40,12.80,12.40,12.80,0.25,557,18275295
106/10/13,9452848,12.85,13.45,12.85,13.40,0.60,2980,125329268
106/10/16,8265184,13.40,13.75,13.15,13.60,0.20,2249,111960180
106/10/17,5538245,13.80,13.90,13.60,13.65,0.05,1567,76000651
106/10/18,26833467,13.75,14.70,13.75,14.45,0.80,6433,383570099
106/10/19,20764330,14.80,14.95,14.25,14.60,0.15,4596,304606247
106/10/20,12338841,14.45,14.80,14.05,14.05,0.55,2998,177906163
106/10/23,7323216,14.40,14.40,13.70,13.85,0.20,2114,102601275
106/10/24,11132910,13.85,14.50,13.75,14.20,0.35,3228,157608213
106/10/25,6385880,14.25,14.35,13.85,13.90,0.30,1817,89348026
106/10/26,4699365,13.95,14.15,13.85,14.00,0.10,1347,65765337
106/10/27,14353970,14.35,14.55,13.80,13.85,0.15,3985,204788631
106/10/30,4297501,13.95,14.10,13.50,13.55,0.30,1519,58878638
106/10/31,7783789,13.75,14.20,13.75,13.90,0.35,2021,109212133
106/11/01,10447342,14.05,14.50,13.90,14.50,0.60,3074,149187814
106/11/02,7355640,14.50,14.85,14.20,14.20,0.30,2560,106733666
106/11/03,5637584,14.30,14.60,14.10,14.30,0.10,1732,81187238
106/11/06,2312004,14.40,14.50,14.15,14.15,0.15,922,32879403
106/11/07,5186205,14.25,14.50,14.05,14.30,0.15,1607,74081507
106/11/08,3988079,14.30,14.45,14.00,14.05,0.25,1275,56389606
106/11/09,4693332,14.10,14.20,13.90,14.05,,1493,65964357
106/11/10,3155773,14.10,14.10,13.55,13.85,0.20,1034,43512814
106/11/13,5611910,13.85,13.85,13.00,13.00,0.85,1734,74303118
106/11/14,1622891,13.00,13.10,12.85,13.05,0.05,549,21088733
106/11/15,1244649,13.00,13.00,12.75,12.85,0.20,470,15985799
106/11/16,774775,12.85,13.00,12.85,12.95,0.10,382,10018290
106/11/17,2102078,13.00,13.30,12.95,13.25,0.30,829,27605577
106/11/20,5244620,13.30,13.75,13.30,13.30,0.05,1845,70864472
106/11/21,1254695,13.25,13.55,13.25,13.40,0.10,530,16817724
106/11/22,4479958,13.40,13.50,13.05,13.05,0.35,1150,59752999
106/11/23,1377100,13.10,13.40,13.05,13.25,0.20,508,18166159
106/11/24,1252770,13.25,13.35,13.15,13.25,,454,16562949
106/11/27,1617722,13.25,13.40,13.20,13.20,0.05,506,21531441
106/11/28,1172247,13.15,13.25,13.00,13.05,0.15,401,15365411
106/11/29,5854618,13.05,13.50,13.05,13.25,0.20,1042,78141272
106/11/30,1618753,13.15,13.25,13.05,13.10,0.15,686,21217789
106/12/01,1735915,13.15,13.25,12.75,12.85,0.25,597,22450305
106/12/04,890274,12.90,13.00,12.75,12.80,0.05,312,11437914
106/12/05,2151075,12.80,13.20,12.80,12.90,0.10,717,27964612
106/12/06,1721739,12.95,13.00,12.70,12.75,0.15,529,22053182
106/12/07,980767,12.80,13.05,12.75,12.75,,381,12618640
106/12/08,927046,12.95,12.95,12.60,12.65,0.10,365,11767561
106/12/11,1790462,12.65,13.00,12.55,13.00,0.35,523,22971455
106/12/12,846782,13.00,13.00,12.75,12.75,0.25,273,10869968
106/12/13,544123,12.75,12.90,12.75,12.80,0.05,227,6979917
106/12/14,1392352,12.90,13.10,12.90,12.95,0.15,500,18094886
106/12/15,1075441,13.10,13.10,12.85,12.85,0.10,324,13882764
106/12/18,8955682,13.05,13.85,12.95,13.45,0.60,2883,121019735
106/12/19,2591278,13.60,13.70,13.25,13.40,0.05,728,34969894
106/12/20,1944119,13.40,13.55,13.30,13.40,,612,26089943
106/12/21,840092,13.50,13.50,13.30,13.30,0.10,319,11239767
106/12/22,982765,13.40,13.50,13.30,13.35,0.05,295,13168111
106/12/25,7524978,13.35,14.10,13.35,13.70,0.35,2401,104226040
106/12/26,3587096,13.60,13.85,13.40,13.45,0.25,1179,48827292
106/12/27,1182059,13.55,13.55,13.35,13.35,0.10,432,15867484
106/12/28,1928145,13.40,13.65,13.35,13.55,0.20,721,26086904
106/12/29,1063102,13.65,13.65,13.35,13.50,0.05,426,14332769
107/01/02,751619,13.50,13.55,13.45,13.55,0.05,313,10151755
107/01/03,1992493,13.50,13.60,13.30,13.30,0.25,704,26729628
107/01/04,1466699,13.40,13.50,13.30,13.40,0.10,467,19670762
107/01/05,1313404,13.45,13.65,13.35,13.45,0.05,474,17744338
107/01/08,3944019,13.60,13.90,13.50,13.50,0.05,1101,53895305
107/01/09,1368268,13.45,13.65,13.35,13.40,0.10,453,18370127
107/01/10,3885869,13.25,13.30,12.85,12.95,0.45,1034,50565745
107/01/11,909710,13.00,13.00,12.80,12.85,0.10,362,11711219
107/01/12,693449,12.95,13.00,12.80,12.90,0.05,315,8955965
107/01/15,2076099,12.90,12.95,12.65,12.70,0.20,595,26501096
107/01/16,869196,12.75,12.90,12.65,12.80,0.10,330,11119804
107/01/17,720733,12.75,12.95,12.75,12.85,0.05,402,9269665
107/01/18,972788,12.90,13.00,12.80,12.80,0.05,460,12514630
107/01/19,558302,12.90,12.95,12.75,12.80,,283,7152112
107/01/22,827450,12.85,12.95,12.75,12.90,0.10,347,10637305
107/01/23,700456,12.90,13.00,12.80,12.80,0.10,268,9020383
107/01/24,408711,12.80,12.90,12.70,12.85,0.05,177,5230306
107/01/25,1326984,12.85,13.15,12.80,12.85,,405,17236434
107/01/26,2180046,12.90,13.15,12.80,13.10,0.25,791,28407898
107/01/29,569573,13.15,13.15,12.95,13.00,0.10,243,7427036
107/01/30,1040602,12.95,12.95,12.70,12.75,0.25,458,13334540
107/01/31,913951,12.75,12.75,12.60,12.65,0.10,377,11570225
107/02/01,855859,12.70,12.80,12.60,12.70,0.05,262,10869011
107/02/02,566551,12.75,12.80,12.65,12.65,0.05,205,7201042
107/02/05,885099,12.40,12.45,12.10,12.30,0.35,323,10887324
107/02/06,2781056,11.95,11.95,11.10,11.15,1.15,892,31792235
107/02/07,841919,11.30,11.65,11.30,11.40,0.25,379,9680679
107/02/08,538464,11.40,11.50,11.25,11.30,0.10,182,6122290
107/02/09,1632918,10.80,11.15,10.75,11.00,0.30,499,17876098
107/02/12,760716,11.20,11.35,11.00,11.20,0.20,347,8501316
107/02/21,928127,11.50,11.65,11.50,11.65,0.45,325,10722589
107/02/22,1036472,11.60,12.20,11.55,12.15,0.50,433,12468133
107/02/23,2102745,12.60,12.70,12.30,12.35,0.20,782,26366360
107/02/26,2150187,12.55,12.80,12.40,12.70,0.35,805,27158584
107/02/27,1186203,12.85,12.85,12.45,12.45,0.25,436,14952763
107/03/01,773509,12.40,12.70,12.30,12.60,0.15,390,9681110
107/03/02,7213307,12.80,13.25,12.80,12.95,0.35,2403,94108697
107/03/05,1767735,13.00,13.00,12.65,12.65,0.30,703,22582340
107/03/06,4173313,12.80,13.25,12.75,12.90,0.25,1339,54279029
107/03/07,2642730,12.80,13.20,12.80,13.15,0.25,982,34509571
107/03/08,1673917,13.10,13.35,13.10,13.15,,615,22059009
107/03/09,1103705,13.15,13.15,12.90,13.05,0.10,398,14333218
107/03/12,694232,13.15,13.15,12.90,13.00,0.05,311,9015476
107/03/13,601619,12.95,13.15,12.95,12.95,0.05,296,7842634
107/03/14,2763766,13.00,13.25,13.00,13.20,0.25,920,36384018
107/03/15,897466,13.10,13.20,13.05,13.10,0.10,332,11788081
107/03/16,691287,13.10,13.15,13.00,13.00,0.10,244,9013881
107/03/19,1458197,13.00,13.15,12.95,12.95,0.05,238,18982413
107/03/20,1074768,12.90,13.05,12.75,13.00,0.05,481,13856584
107/03/21,1893559,12.95,13.35,12.95,13.05,0.05,733,24951782
107/03/22,1099270,13.10,13.15,12.80,12.80,0.25,439,14235466
107/03/23,1227531,12.65,12.65,12.40,12.45,0.35,440,15321082
107/03/26,881026,12.35,12.50,12.30,12.40,0.05,319,10914970
107/03/27,526400,12.75,12.75,12.50,12.60,0.20,264,6638967
107/03/28,632538,12.60,12.75,12.40,12.60,,275,7919445
107/03/29,680285,12.85,12.85,12.60,12.60,,293,8654622
107/03/30,3084905,12.70,13.10,12.60,12.80,0.20,1192,40022675
107/03/31,660576,12.80,13.10,12.80,12.90,0.10,296,8543293
107/04/02,678274,13.00,13.00,12.80,12.85,0.05,428,8750956
107/04/03,495676,12.80,12.80,12.65,12.70,0.15,227,6301627
107/04/09,868194,12.70,12.80,12.50,12.50,0.20,262,10938019
107/04/10,4100218,12.50,13.20,12.50,12.95,0.45,1318,53098097
107/04/11,1077828,13.05,13.10,12.85,12.85,0.10,359,13940229
107/04/12,657885,12.85,12.95,12.75,12.80,0.05,273,8436623
107/04/13,6618483,12.95,13.65,12.90,13.35,0.55,2006,88682045
107/04/16,6360798,13.35,13.65,13.10,13.55,0.20,1930,85711627
107/04/17,2369762,13.60,13.75,13.10,13.20,0.35,856,31669119
107/04/18,1800638,13.40,13.40,12.90,13.00,0.20,628,23596159
107/04/19,842210,13.15,13.20,12.95,13.05,0.05,328,11000537
107/04/20,795104,13.05,13.10,12.90,12.90,0.15,356,10321488
107/04/23,1733914,12.85,12.95,12.60,12.70,0.20,594,22030041
107/04/24,2136885,12.70,12.70,12.25,12.25,0.45,681,26488593
107/04/25,2224080,12.00,12.20,11.85,12.00,0.25,652,26800160
107/04/26,1492122,12.05,12.15,11.65,11.70,0.30,546,17755607
107/04/27,884228,11.75,12.05,11.75,12.05,0.35,352,10526036
107/04/30,5932413,12.50,12.95,12.50,12.55,0.50,2128,75644959
